age,job,marital,education,default,housing,loan,contact,month,day_of_week,duration,campaign,pdays,previous,poutcome,emp.var.rate,cons.price.idx,cons.conf.idx,euribor3m,nr.employed,y
39,services,single,high.school,no,no,no,telephone,may,fri,346,4,999,0,nonexistent,1.1,93.994,-36.4,4.855,5191,yes
30,bluecollar,married,basic.9y,no,yes,no,cellular,may,fri,487,2,999,0,nonexistent,-1.8,92.893,-46.2,1.313,5099.1,no
38,services,married,basic.9y,no,unknown,unknown,telephone,jun,fri,17,3,999,0,nonexistent,1.4,94.465,-41.8,4.959,5228.1,yes
25,services,married,high.school,no,yes,no,telephone,jun,wed,227,1,999,0,nonexistent,1.4,94.465,-41.8,4.962,5228.1,no
32,services,single,university.degree,no,no,no,cellular,sep,thu,128,3,999,2,failure,-1.1,94.199,-37.5,0.884,4963.6,yes
32,admin,single,university.degree,no,yes,no,cellular,sep,mon,290,4,999,0,nonexistent,-1.1,94.199,-37.5,0.879,4963.6,no
41,entrepreneur,married,university.degree,unknown,yes,no,cellular,nov,mon,44,2,999,0,nonexistent,-0.1,93.2,-42,4.191,5195.8,yes
31,services,divorced,professional.course,no,no,no,cellular,nov,tue,68,1,999,1,failure,-0.1,93.2,-42,4.153,5195.8,no
35,bluecollar,married,basic.9y,unknown,no,no,telephone,may,thu,170,1,999,0,nonexistent,1.1,93.994,-36.4,4.855,5191,yes
25,services,single,basic.6y,unknown,yes,no,cellular,jul,thu,301,1,999,0,nonexistent,1.4,93.918,-42.7,4.958,5228.1,no
36,self-employed,single,basic.4y,no,no,no,cellular,jul,thu,148,1,999,0,nonexistent,1.4,93.918,-42.7,4.968,5228.1,yes
36,admin,married,high.school,no,no,no,telephone,may,wed,97,2,999,0,nonexistent,1.1,93.994,-36.4,4.859,5191,no
47,bluecollar,married,basic.4y,no,yes,no,telephone,jun,thu,211,2,999,0,nonexistent,1.4,94.465,-41.8,4.958,5228.1,yes
29,admin,single,high.school,no,no,no,cellular,may,fri,553,2,999,0,nonexistent,-1.8,92.893,-46.2,1.313,5099.1,no
27,services,single,university.degree,no,no,no,cellular,jul,wed,698,2,999,0,nonexistent,1.4,93.918,-42.7,4.963,5228.1,yes
44,admin,divorced,university.degree,no,no,no,cellular,jul,wed,191,6,999,0,nonexistent,1.4,93.918,-42.7,4.957,5228.1,no
46,admin,divorced,university.degree,no,yes,no,telephone,jul,mon,59,4,999,0,nonexistent,1.4,93.918,-42.7,4.962,5228.1,yes
45,entrepreneur,married,university.degree,unknown,yes,yes,cellular,aug,mon,38,2,999,0,nonexistent,1.4,93.444,-36.1,4.965,5228.1,no
50,bluecollar,married,basic.4y,no,no,yes,cellular,jul,tue,849,1,999,0,nonexistent,1.4,93.918,-42.7,4.961,5228.1,yes
55,services,married,basic.6y,unknown,yes,no,cellular,jul,tue,326,6,999,0,nonexistent,1.4,93.918,-42.7,4.962,5228.1,no
39,technician,divorced,high.school,no,no,no,cellular,mar,mon,222,1,12,2,success,-1.8,93.369,-34.8,0.639,5008.7,yes
29,technician,single,university.degree,no,yes,yes,cellular,aug,wed,626,3,999,0,nonexistent,1.4,93.444,-36.1,4.967,5228.1,no
40,management,married,high.school,no,no,yes,cellular,aug,wed,119,1,999,0,nonexistent,1.4,93.444,-36.1,4.965,5228.1,yes
44,technician,married,professional.course,unknown,yes,no,telephone,may,fri,388,7,999,0,nonexistent,1.1,93.994,-36.4,4.864,5191,no
38,technician,married,professional.course,no,yes,no,cellular,aug,mon,479,1,999,0,nonexistent,1.4,93.444,-36.1,4.965,5228.1,yes
36,technician,divorced,professional.course,no,no,no,telephone,may,wed,446,1,999,0,nonexistent,1.1,93.994,-36.4,4.856,5191,no
28,bluecollar,married,basic.6y,unknown,no,no,cellular,may,mon,68,2,999,1,failure,-1.8,92.893,-46.2,1.299,5099.1,yes
47,admin,single,unknown,unknown,no,no,telephone,may,thu,127,1,999,0,nonexistent,1.1,93.994,-36.4,4.86,5191,no
34,admin,married,university.degree,no,no,no,cellular,aug,tue,109,1,999,0,nonexistent,1.4,93.444,-36.1,4.963,5228.1,yes
38,technician,married,university.degree,no,yes,yes,cellular,mar,tue,113,1,999,1,failure,-1.8,92.843,-50,1.687,5099.1,no
33,services,married,high.school,unknown,yes,no,telephone,jun,mon,393,3,999,0,nonexistent,1.4,94.465,-41.8,4.865,5228.1,yes
51,technician,single,university.degree,no,no,no,cellular,jun,fri,151,2,999,0,nonexistent,-2.9,92.963,-40.8,1.268,5076.2,no
30,bluecollar,single,basic.4y,unknown,yes,no,telephone,jun,tue,256,1,999,0,nonexistent,1.4,94.465,-41.8,4.864,5228.1,yes
48,technician,married,university.degree,no,no,no,cellular,aug,thu,42,7,999,0,nonexistent,1.4,93.444,-36.1,4.962,5228.1,no
28,bluecollar,single,basic.9y,no,yes,no,telephone,jun,wed,525,1,999,0,nonexistent,1.4,94.465,-41.8,4.864,5228.1,yes
36,bluecollar,married,basic.6y,no,yes,no,telephone,may,wed,57,1,999,0,nonexistent,1.1,93.994,-36.4,4.859,5191,no
46,management,divorced,high.school,no,no,no,cellular,nov,wed,499,1,999,0,nonexistent,-0.1,93.2,-42,4.12,5195.8,yes
31,technician,single,unknown,no,yes,no,cellular,may,wed,84,1,999,1,failure,-1.8,92.893,-46.2,1.334,5099.1,no
20,student,single,unknown,no,no,no,cellular,oct,mon,137,3,999,3,failure,-1.1,94.601,-49.5,0.977,4963.6,yes
35,services,married,high.school,unknown,yes,no,cellular,may,tue,31,1,999,0,nonexistent,-1.8,92.893,-46.2,1.344,5099.1,no
38,bluecollar,married,basic.9y,unknown,unknown,unknown,telephone,jun,fri,430,1,999,0,nonexistent,1.4,94.465,-41.8,4.967,5228.1,yes
76,retired,married,university.degree,no,no,no,cellular,aug,thu,126,1,999,1,failure,-1.7,94.027,-38.3,0.899,4991.6,no
45,entrepreneur,divorced,professional.course,no,yes,no,cellular,jul,tue,211,3,999,0,nonexistent,1.4,93.918,-42.7,4.961,5228.1,yes
32,housemaid,married,basic.4y,no,yes,yes,cellular,may,fri,340,1,999,0,nonexistent,-1.8,92.893,-46.2,1.313,5099.1,no
39,management,single,university.degree,unknown,no,no,cellular,may,thu,412,2,999,0,nonexistent,-1.8,92.893,-46.2,1.327,5099.1,yes
32,admin,married,university.degree,no,no,no,telephone,nov,thu,132,1,999,0,nonexistent,-0.1,93.2,-42,4.592,5195.8,no
29,admin,single,basic.9y,no,no,no,cellular,may,mon,79,2,999,0,nonexistent,-1.8,92.893,-46.2,1.299,5099.1,yes
44,services,married,professional.course,no,no,no,cellular,aug,mon,341,2,999,0,nonexistent,1.4,93.444,-36.1,4.97,5228.1,no
32,services,married,high.school,no,no,yes,cellular,jul,fri,157,3,999,0,nonexistent,1.4,93.918,-42.7,4.957,5228.1,yes
56,retired,married,university.degree,no,yes,no,cellular,jun,wed,252,1,999,2,failure,-2.9,92.963,-40.8,1.26,5076.2,no
33,bluecollar,married,basic.9y,no,yes,no,cellular,may,thu,263,1,999,0,nonexistent,-1.8,92.893,-46.2,1.327,5099.1,yes
39,management,married,high.school,no,no,no,cellular,aug,fri,215,3,999,0,nonexistent,1.4,93.444,-36.1,4.966,5228.1,no
24,technician,married,university.degree,no,yes,yes,cellular,sep,tue,89,2,3,1,success,-3.4,92.379,-29.8,0.77,5017.5,yes
33,admin,single,university.degree,no,yes,no,cellular,may,thu,143,1,999,0,nonexistent,-1.8,92.893,-46.2,1.327,5099.1,no
58,entrepreneur,divorced,university.degree,no,no,no,telephone,jun,thu,40,2,999,0,nonexistent,1.4,94.465,-41.8,4.866,5228.1,yes
29,admin,single,university.degree,no,yes,no,telephone,jun,fri,10,27,999,0,nonexistent,1.4,94.465,-41.8,4.959,5228.1,no
31,admin,married,university.degree,no,yes,no,cellular,aug,thu,113,1,999,0,nonexistent,1.4,93.444,-36.1,4.964,5228.1,yes
27,admin,married,university.degree,no,no,no,telephone,may,wed,191,5,999,0,nonexistent,1.1,93.994,-36.4,4.857,5191,no
60,admin,divorced,professional.course,no,yes,no,cellular,sep,wed,481,1,999,1,failure,-1.1,94.199,-37.5,0.886,4963.6,yes
55,entrepreneur,married,professional.course,no,yes,yes,cellular,oct,mon,233,1,999,2,failure,-3.4,92.431,-26.9,0.739,5017.5,no
37,bluecollar,married,basic.9y,no,yes,no,cellular,may,wed,204,2,999,0,nonexistent,-1.8,92.893,-46.2,1.334,5099.1,yes
52,admin,married,unknown,no,yes,no,telephone,apr,wed,403,1,6,1,success,-1.8,93.749,-34.6,0.654,5008.7,no
46,services,married,high.school,no,yes,no,cellular,apr,mon,180,1,999,0,nonexistent,-1.8,93.075,-47.1,1.405,5099.1,yes
42,bluecollar,divorced,basic.6y,no,yes,no,cellular,may,wed,16,2,999,0,nonexistent,-1.8,92.893,-46.2,1.281,5099.1,no
35,admin,single,university.degree,no,yes,no,cellular,jul,mon,447,3,999,0,nonexistent,1.4,93.918,-42.7,4.96,5228.1,yes
49,technician,divorced,unknown,no,yes,yes,cellular,oct,thu,81,1,999,0,nonexistent,-3.4,92.431,-26.9,0.754,5017.5,no
29,services,divorced,high.school,no,no,yes,telephone,jun,mon,361,3,999,0,nonexistent,1.4,94.465,-41.8,4.865,5228.1,yes
32,bluecollar,married,basic.9y,no,no,no,cellular,nov,mon,1091,2,5,1,success,-0.1,93.2,-42,4.191,5195.8,no
37,self-employed,married,university.degree,no,no,no,cellular,may,fri,395,1,999,1,failure,-1.8,92.893,-46.2,1.313,5099.1,yes
39,technician,single,professional.course,unknown,no,no,telephone,jun,mon,432,4,999,0,nonexistent,1.4,94.465,-41.8,4.865,5228.1,no
51,services,married,high.school,unknown,yes,no,telephone,jul,mon,596,3,999,0,nonexistent,1.4,93.918,-42.7,4.962,5228.1,yes
28,admin,single,high.school,no,yes,no,cellular,may,tue,59,3,999,0,nonexistent,-1.8,92.893,-46.2,1.291,5099.1,no
34,management,married,university.degree,no,yes,no,cellular,may,wed,77,4,999,0,nonexistent,-1.8,92.893,-46.2,1.281,5099.1,yes
31,technician,single,high.school,no,yes,yes,cellular,aug,tue,768,1,999,0,nonexistent,1.4,93.444,-36.1,4.966,5228.1,no
31,admin,married,university.degree,no,yes,no,cellular,aug,thu,96,5,999,0,nonexistent,1.4,93.444,-36.1,4.962,5228.1,yes
31,admin,single,university.degree,no,yes,no,telephone,jun,wed,357,2,999,0,nonexistent,1.4,94.465,-41.8,4.864,5228.1,no
38,self-employed,single,university.degree,no,no,no,telephone,may,thu,459,2,999,0,nonexistent,1.1,93.994,-36.4,4.855,5191,yes
33,unemployed,married,basic.9y,no,no,no,telephone,jun,fri,11,6,999,0,nonexistent,1.4,94.465,-41.8,4.959,5228.1,no
32,technician,single,university.degree,no,no,no,cellular,aug,tue,264,12,999,0,nonexistent,1.4,93.444,-36.1,4.966,5228.1,yes
54,technician,married,professional.course,unknown,yes,no,cellular,apr,mon,698,1,999,0,nonexistent,-1.8,93.075,-47.1,1.405,5099.1,no
41,admin,divorced,high.school,no,yes,no,telephone,jun,tue,204,2,999,0,nonexistent,1.4,94.465,-41.8,4.961,5228.1,yes
59,services,married,basic.4y,unknown,no,no,cellular,aug,thu,93,7,999,0,nonexistent,1.4,93.444,-36.1,4.963,5228.1,no
57,retired,married,university.degree,no,yes,no,cellular,apr,thu,374,1,2,1,success,-1.8,93.075,-47.1,1.365,5099.1,yes
38,entrepreneur,divorced,university.degree,no,yes,no,cellular,nov,thu,252,1,999,0,nonexistent,-0.1,93.2,-42,4.076,5195.8,no
46,admin,married,university.degree,no,yes,no,telephone,may,tue,158,1,999,0,nonexistent,1.1,93.994,-36.4,4.857,5191,yes
37,unemployed,single,university.degree,no,yes,yes,cellular,nov,tue,95,1,999,0,nonexistent,-0.1,93.2,-42,4.153,5195.8,no
47,services,single,basic.9y,no,unknown,unknown,telephone,jun,thu,835,3,999,0,nonexistent,1.4,94.465,-41.8,4.961,5228.1,yes
45,admin,single,university.degree,no,no,no,cellular,aug,thu,505,1,999,0,nonexistent,1.4,93.444,-36.1,4.964,5228.1,no
36,bluecollar,married,basic.6y,no,yes,no,telephone,jul,wed,16,1,999,0,nonexistent,1.4,93.918,-42.7,4.962,5228.1,yes
40,unemployed,single,high.school,no,yes,no,cellular,jul,mon,300,5,999,0,nonexistent,1.4,93.918,-42.7,4.96,5228.1,no
38,bluecollar,married,basic.9y,no,no,no,cellular,nov,tue,180,2,999,1,failure,-0.1,93.2,-42,4.153,5195.8,yes
44,bluecollar,married,high.school,unknown,no,no,telephone,jun,tue,390,2,999,0,nonexistent,1.4,94.465,-41.8,4.961,5228.1,no
25,self-employed,married,university.degree,no,yes,no,telephone,may,fri,274,2,999,0,nonexistent,1.1,93.994,-36.4,4.857,5191,yes
30,bluecollar,single,basic.6y,no,yes,no,telephone,jul,tue,135,5,999,0,nonexistent,1.4,93.918,-42.7,4.961,5228.1,no
43,management,married,professional.course,no,no,no,cellular,nov,tue,257,2,999,0,nonexistent,-0.1,93.2,-42,4.153,5195.8,yes
58,retired,married,basic.6y,unknown,no,no,telephone,may,mon,268,3,999,0,nonexistent,1.1,93.994,-36.4,4.857,5191,no
31,technician,married,professional.course,no,yes,no,telephone,may,wed,157,6,999,0,nonexistent,1.1,93.994,-36.4,4.856,5191,yes
53,management,married,university.degree,no,no,no,cellular,jul,tue,477,2,999,0,nonexistent,1.4,93.918,-42.7,4.961,5228.1,no
52,admin,married,unknown,no,no,no,cellular,aug,tue,91,1,999,0,nonexistent,1.4,93.444,-36.1,4.968,5228.1,yes
37,management,married,university.degree,unknown,no,yes,cellular,apr,fri,76,1,999,1,failure,-1.8,93.075,-47.1,1.405,5099.1,no
58,admin,married,high.school,unknown,yes,no,cellular,jul,tue,103,1,999,0,nonexistent,1.4,93.918,-42.7,4.961,5228.1,yes
37,services,married,high.school,no,yes,yes,cellular,may,thu,436,3,999,0,nonexistent,-1.8,92.893,-46.2,1.266,5099.1,no
38,admin,single,unknown,no,yes,no,cellular,may,fri,191,1,999,0,nonexistent,-1.8,92.893,-46.2,1.313,5099.1,yes
33,services,single,basic.9y,no,yes,no,cellular,apr,thu,483,2,999,0,nonexistent,-1.8,93.075,-47.1,1.41,5099.1,no
45,services,married,high.school,unknown,yes,no,cellular,may,fri,250,1,999,0,nonexistent,-1.8,92.893,-46.2,1.25,5099.1,yes
44,entrepreneur,married,professional.course,no,no,no,telephone,may,mon,259,1,999,0,nonexistent,1.1,93.994,-36.4,4.858,5191,no
38,bluecollar,married,basic.6y,no,yes,no,telephone,jul,thu,389,2,999,0,nonexistent,1.4,93.918,-42.7,4.966,5228.1,yes
34,bluecollar,married,basic.9y,no,no,no,telephone,jun,tue,7,1,999,0,nonexistent,-1.7,94.055,-39.8,0.702,4991.6,no
47,management,married,university.degree,no,yes,no,cellular,jul,wed,123,1,999,0,nonexistent,-2.9,92.469,-33.6,1.029,5076.2,yes
59,admin,married,university.degree,no,yes,yes,cellular,jul,wed,92,1,999,0,nonexistent,-2.9,92.469,-33.6,1.085,5076.2,no
51,bluecollar,married,basic.4y,unknown,yes,yes,cellular,aug,thu,297,2,999,0,nonexistent,1.4,93.444,-36.1,4.964,5228.1,yes
31,bluecollar,married,basic.6y,no,yes,no,telephone,jun,wed,406,2,999,0,nonexistent,1.4,94.465,-41.8,4.864,5228.1,no
56,management,married,university.degree,no,yes,yes,cellular,nov,wed,104,1,999,1,failure,-0.1,93.2,-42,4.12,5195.8,yes
39,admin,married,university.degree,no,no,no,telephone,jun,mon,135,2,999,0,nonexistent,1.4,94.465,-41.8,4.961,5228.1,no
41,entrepreneur,married,university.degree,no,yes,no,cellular,nov,tue,854,1,999,0,nonexistent,-0.1,93.2,-42,4.153,5195.8,yes
41,management,divorced,basic.6y,no,yes,no,cellular,nov,thu,147,1,999,0,nonexistent,-0.1,93.2,-42,4.076,5195.8,no
53,services,married,high.school,unknown,no,no,telephone,may,thu,203,4,999,0,nonexistent,1.1,93.994,-36.4,4.86,5191,yes
35,bluecollar,married,high.school,no,no,yes,cellular,jul,mon,149,4,999,0,nonexistent,1.4,93.918,-42.7,4.962,5228.1,no
58,retired,married,basic.9y,no,no,yes,cellular,may,wed,144,1,999,0,nonexistent,-1.8,92.893,-46.2,1.334,5099.1,yes
25,self-employed,married,professional.course,no,yes,no,telephone,jun,wed,394,2,999,0,nonexistent,1.4,94.465,-41.8,4.959,5228.1,no
35,bluecollar,divorced,basic.9y,no,yes,no,cellular,may,tue,523,1,999,1,failure,-1.8,92.893,-46.2,1.344,5099.1,yes
28,services,single,high.school,no,no,no,cellular,jul,wed,73,1,999,0,nonexistent,1.4,93.918,-42.7,4.963,5228.1,no
55,bluecollar,married,professional.course,no,yes,yes,cellular,may,fri,197,3,999,1,failure,-1.8,92.893,-46.2,1.25,5099.1,yes
54,entrepreneur,married,basic.4y,unknown,no,yes,telephone,may,thu,108,1,999,0,nonexistent,1.1,93.994,-36.4,4.855,5191,no
45,technician,divorced,basic.9y,unknown,no,no,cellular,jul,wed,80,2,999,0,nonexistent,1.4,93.918,-42.7,4.962,5228.1,yes
32,bluecollar,married,basic.9y,no,yes,no,cellular,apr,thu,114,1,999,1,failure,-1.8,93.075,-47.1,1.41,5099.1,no
50,admin,married,basic.9y,unknown,yes,no,cellular,aug,thu,122,3,999,0,nonexistent,1.4,93.444,-36.1,4.963,5228.1,yes
75,retired,married,basic.4y,no,no,no,cellular,apr,tue,109,1,999,1,failure,-1.8,93.075,-47.1,1.405,5099.1,no
33,self-employed,divorced,unknown,no,no,no,telephone,may,wed,1161,4,999,0,nonexistent,1.1,93.994,-36.4,4.858,5191,yes
29,management,married,university.degree,no,no,yes,cellular,aug,wed,181,2,999,0,nonexistent,1.4,93.444,-36.1,4.967,5228.1,no
45,management,married,university.degree,no,yes,no,cellular,may,thu,239,1,999,0,nonexistent,-1.8,92.893,-46.2,1.327,5099.1,yes
38,admin,divorced,university.degree,no,no,no,cellular,apr,mon,360,1,999,0,nonexistent,-1.8,93.075,-47.1,1.392,5099.1,no
24,services,single,professional.course,no,yes,no,telephone,may,mon,314,1,999,0,nonexistent,1.1,93.994,-36.4,4.858,5191,yes
41,technician,married,professional.course,no,yes,no,cellular,aug,mon,984,1,999,0,nonexistent,1.4,93.444,-36.1,4.963,5228.1,no
58,retired,divorced,high.school,no,yes,no,cellular,jun,tue,663,1,999,0,nonexistent,-2.9,92.963,-40.8,1.262,5076.2,yes
34,admin,married,university.degree,no,no,yes,telephone,may,wed,157,2,999,0,nonexistent,1.1,93.994,-36.4,4.857,5191,no
34,admin,married,university.degree,no,no,no,cellular,nov,mon,141,2,999,0,nonexistent,-1.1,94.767,-50.8,1.05,4963.6,yes
37,technician,divorced,professional.course,no,no,no,telephone,may,wed,374,1,999,0,nonexistent,1.1,93.994,-36.4,4.856,5191,no
53,bluecollar,divorced,basic.4y,no,no,no,telephone,jun,wed,706,1,999,0,nonexistent,1.4,94.465,-41.8,4.959,5228.1,yes
54,technician,divorced,professional.course,no,yes,yes,cellular,jul,tue,797,14,999,0,nonexistent,1.4,93.918,-42.7,4.961,5228.1,no
32,technician,divorced,professional.course,no,yes,no,cellular,nov,tue,250,1,999,0,nonexistent,-0.1,93.2,-42,4.153,5195.8,yes
42,admin,married,high.school,no,yes,no,cellular,jul,fri,311,6,999,0,nonexistent,1.4,93.918,-42.7,4.962,5228.1,no
28,technician,single,professional.course,no,yes,no,cellular,aug,thu,63,2,3,1,success,-2.9,92.201,-31.4,0.851,5076.2,yes
33,services,single,high.school,no,yes,no,telephone,may,fri,111,1,999,0,nonexistent,1.1,93.994,-36.4,4.864,5191,no
41,bluecollar,married,basic.9y,no,yes,no,cellular,apr,mon,148,2,999,0,nonexistent,-1.8,93.075,-47.1,1.405,5099.1,yes
31,services,married,high.school,no,no,yes,cellular,nov,thu,49,1,999,0,nonexistent,-0.1,93.2,-42,4.076,5195.8,no
40,technician,married,basic.9y,unknown,no,yes,telephone,may,thu,171,4,999,0,nonexistent,1.1,93.994,-36.4,4.86,5191,yes
53,unknown,married,basic.9y,no,no,yes,cellular,nov,wed,242,1,999,1,failure,-3.4,92.649,-30.1,0.716,5017.5,no
40,admin,divorced,university.degree,no,yes,no,cellular,aug,mon,257,1,999,0,nonexistent,1.4,93.444,-36.1,4.965,5228.1,yes
82,housemaid,married,basic.4y,no,no,no,telephone,sep,tue,279,3,3,2,success,-1.1,94.199,-37.5,0.877,4963.6,no
28,bluecollar,married,basic.4y,no,yes,no,cellular,jul,mon,113,1,999,0,nonexistent,1.4,93.918,-42.7,4.96,5228.1,yes
30,admin,married,high.school,unknown,yes,no,cellular,nov,wed,246,3,999,0,nonexistent,-0.1,93.2,-42,4.12,5195.8,no
31,unemployed,single,university.degree,no,yes,no,cellular,jul,tue,309,1,6,3,success,-1.7,94.215,-40.3,0.835,4991.6,yes
32,technician,single,university.degree,no,yes,no,cellular,aug,wed,168,1,999,0,nonexistent,1.4,93.444,-36.1,4.965,5228.1,no
54,bluecollar,married,basic.4y,no,yes,no,cellular,aug,tue,153,1,999,0,nonexistent,1.4,93.444,-36.1,4.963,5228.1,yes
31,bluecollar,married,basic.9y,no,no,no,cellular,jul,wed,152,1,999,0,nonexistent,1.4,93.918,-42.7,4.963,5228.1,no
50,services,married,unknown,no,yes,no,cellular,aug,thu,90,2,999,0,nonexistent,1.4,93.444,-36.1,4.968,5228.1,yes
47,technician,single,unknown,no,no,no,cellular,jul,tue,117,2,999,0,nonexistent,1.4,93.918,-42.7,4.961,5228.1,no
31,admin,single,high.school,no,yes,yes,cellular,may,wed,149,1,999,0,nonexistent,-1.8,92.893,-46.2,1.281,5099.1,yes
32,unemployed,married,high.school,no,yes,no,cellular,nov,thu,640,1,999,0,nonexistent,-0.1,93.2,-42,4.076,5195.8,no
46,admin,single,high.school,no,yes,no,cellular,nov,mon,199,2,999,2,failure,-1.1,94.767,-50.8,1.048,4963.6,yes
47,admin,single,high.school,no,no,no,cellular,may,mon,1114,2,999,0,nonexistent,-1.8,92.893,-46.2,1.299,5099.1,no
32,admin,single,high.school,no,no,no,cellular,nov,mon,74,2,999,2,failure,-1.1,94.767,-50.8,1.048,4963.6,yes
52,services,divorced,high.school,unknown,no,no,cellular,nov,mon,190,1,999,0,nonexistent,-0.1,93.2,-42,4.191,5195.8,no
45,admin,married,high.school,no,yes,no,cellular,oct,fri,738,3,6,1,success,-1.1,94.601,-49.5,1.029,4963.6,yes
32,admin,married,university.degree,no,yes,no,cellular,may,fri,374,2,999,0,nonexistent,-1.8,92.893,-46.2,1.313,5099.1,no
71,bluecollar,divorced,basic.4y,unknown,no,no,cellular,aug,thu,224,1,999,0,nonexistent,-1.7,94.027,-38.3,0.904,4991.6,yes
49,services,married,high.school,no,yes,no,telephone,may,fri,344,2,999,0,nonexistent,1.1,93.994,-36.4,4.855,5191,no
46,admin,married,high.school,no,yes,yes,telephone,jun,wed,148,10,999,0,nonexistent,1.4,94.465,-41.8,4.864,5228.1,yes
46,bluecollar,married,professional.course,no,no,no,cellular,nov,fri,383,1,999,0,nonexistent,-1.1,94.767,-50.8,1.028,4963.6,no
38,admin,married,university.degree,no,yes,no,cellular,aug,tue,35,6,999,0,nonexistent,1.4,93.444,-36.1,4.965,5228.1,yes
57,services,married,professional.course,unknown,no,no,cellular,aug,mon,153,2,999,0,nonexistent,1.4,93.444,-36.1,4.965,5228.1,no
41,services,single,high.school,unknown,unknown,unknown,cellular,may,mon,772,2,999,1,failure,-1.8,92.893,-46.2,1.299,5099.1,yes
44,technician,married,professional.course,no,no,no,telephone,may,fri,124,3,999,0,nonexistent,1.1,93.994,-36.4,4.864,5191,no
47,technician,married,university.degree,no,yes,no,cellular,aug,wed,345,7,999,0,nonexistent,1.4,93.444,-36.1,4.964,5228.1,yes
40,bluecollar,married,basic.9y,no,yes,yes,telephone,may,wed,951,2,999,0,nonexistent,1.1,93.994,-36.4,4.858,5191,no
57,retired,single,professional.course,no,yes,no,telephone,may,mon,188,1,999,0,nonexistent,1.1,93.994,-36.4,4.857,5191,yes
27,admin,single,unknown,no,no,no,cellular,mar,tue,128,1,3,1,success,-1.8,93.369,-34.8,0.637,5008.7,no
52,bluecollar,married,basic.9y,no,no,no,cellular,aug,fri,809,1,999,0,nonexistent,1.4,93.444,-36.1,4.966,5228.1,yes
34,management,married,university.degree,no,yes,yes,telephone,jun,wed,192,1,999,0,nonexistent,-2.9,92.963,-40.8,1.26,5076.2,no
42,entrepreneur,married,university.degree,no,yes,no,telephone,may,tue,154,1,999,0,nonexistent,1.1,93.994,-36.4,4.857,5191,yes
51,technician,married,unknown,no,yes,no,telephone,jun,fri,17,3,999,0,nonexistent,1.4,94.465,-41.8,4.959,5228.1,no
45,management,married,basic.4y,unknown,yes,no,telephone,may,fri,100,1,999,0,nonexistent,1.1,93.994,-36.4,4.855,5191,yes
56,retired,married,high.school,no,no,no,cellular,may,mon,317,1,999,0,nonexistent,-1.8,92.893,-46.2,1.244,5099.1,no
41,management,married,university.degree,no,yes,no,cellular,may,thu,93,1,999,0,nonexistent,-1.8,92.893,-46.2,1.327,5099.1,yes
44,admin,married,high.school,no,yes,no,cellular,aug,fri,111,1,999,0,nonexistent,1.4,93.444,-36.1,4.964,5228.1,no
50,bluecollar,married,basic.6y,no,yes,no,cellular,may,mon,293,3,3,1,success,-1.8,92.893,-46.2,1.354,5099.1,yes
54,self-employed,married,high.school,no,no,no,cellular,aug,tue,119,3,999,0,nonexistent,1.4,93.444,-36.1,4.963,5228.1,no
51,bluecollar,married,basic.6y,no,no,no,cellular,aug,fri,393,1,999,0,nonexistent,1.4,93.444,-36.1,4.964,5228.1,yes
30,bluecollar,single,basic.9y,no,no,no,cellular,nov,wed,30,1,999,0,nonexistent,-0.1,93.2,-42,4.12,5195.8,no
42,housemaid,married,basic.4y,unknown,yes,no,telephone,jun,fri,38,8,999,0,nonexistent,1.4,94.465,-41.8,4.959,5228.1,yes
41,technician,married,professional.course,unknown,yes,no,telephone,jun,mon,442,11,999,0,nonexistent,1.4,94.465,-41.8,4.865,5228.1,no
47,services,single,basic.9y,no,no,no,cellular,nov,tue,187,2,999,0,nonexistent,-0.1,93.2,-42,4.153,5195.8,yes
35,bluecollar,married,basic.6y,no,yes,no,cellular,apr,fri,113,1,999,1,failure,-1.8,93.075,-47.1,1.405,5099.1,no
58,bluecollar,married,basic.9y,no,no,no,cellular,nov,tue,64,1,999,1,failure,-0.1,93.2,-42,4.153,5195.8,yes
50,bluecollar,divorced,high.school,no,yes,yes,cellular,jul,mon,629,2,999,0,nonexistent,1.4,93.918,-42.7,4.96,5228.1,no
41,technician,married,professional.course,no,no,no,telephone,may,tue,92,1,999,0,nonexistent,1.1,93.994,-36.4,4.856,5191,yes
38,technician,married,university.degree,no,yes,no,cellular,may,wed,147,1,999,0,nonexistent,-1.8,92.893,-46.2,1.334,5099.1,no
32,student,single,university.degree,no,no,no,cellular,nov,thu,151,2,999,0,nonexistent,-0.1,93.2,-42,4.076,5195.8,yes
21,student,single,high.school,no,no,no,cellular,aug,tue,259,1,999,1,failure,-2.9,92.201,-31.4,0.884,5076.2,no
46,admin,divorced,basic.9y,unknown,no,no,telephone,may,wed,423,1,999,0,nonexistent,1.1,93.994,-36.4,4.856,5191,yes
42,self-employed,married,university.degree,no,yes,no,cellular,nov,fri,888,3,999,0,nonexistent,-0.1,93.2,-42,4.021,5195.8,no
55,services,married,basic.9y,no,no,no,cellular,aug,wed,76,13,999,0,nonexistent,1.4,93.444,-36.1,4.964,5228.1,yes
29,admin,single,high.school,no,yes,no,telephone,nov,mon,207,1,6,1,success,-1.1,94.767,-50.8,1.05,4963.6,no
30,bluecollar,single,basic.6y,unknown,yes,no,telephone,jun,wed,100,1,999,0,nonexistent,1.4,94.465,-41.8,4.959,5228.1,yes
53,management,married,basic.4y,no,yes,no,cellular,nov,wed,63,1,999,0,nonexistent,-0.1,93.2,-42,4.12,5195.8,no
35,management,married,university.degree,no,yes,no,cellular,nov,wed,265,2,999,0,nonexistent,-0.1,93.2,-42,4.12,5195.8,yes
46,services,married,professional.course,no,yes,no,telephone,may,tue,273,4,999,0,nonexistent,1.1,93.994,-36.4,4.856,5191,no
30,bluecollar,married,unknown,no,no,no,telephone,may,wed,85,2,999,0,nonexistent,1.1,93.994,-36.4,4.857,5191,yes
43,entrepreneur,married,university.degree,unknown,yes,no,cellular,jul,tue,261,1,999,0,nonexistent,1.4,93.918,-42.7,4.961,5228.1,no
42,services,married,high.school,unknown,yes,no,cellular,jul,mon,136,4,999,0,nonexistent,1.4,93.918,-42.7,4.96,5228.1,yes
32,technician,married,professional.course,no,no,no,cellular,jul,tue,711,1,999,0,nonexistent,1.4,93.918,-42.7,4.962,5228.1,no
41,bluecollar,divorced,basic.9y,no,yes,no,cellular,may,fri,88,1,999,1,failure,-1.8,92.893,-46.2,1.313,5099.1,yes
28,admin,married,university.degree,no,no,no,cellular,may,tue,72,3,999,1,failure,-1.8,92.893,-46.2,1.291,5099.1,no
24,services,single,university.degree,no,no,no,cellular,jul,thu,113,6,999,0,nonexistent,1.4,93.918,-42.7,4.963,5228.1,yes
43,management,married,university.degree,unknown,yes,yes,cellular,apr,fri,307,1,999,0,nonexistent,-1.8,93.075,-47.1,1.405,5099.1,no
30,admin,single,university.degree,no,yes,no,cellular,aug,mon,39,1,999,0,nonexistent,1.4,93.444,-36.1,4.97,5228.1,yes
55,bluecollar,married,basic.9y,unknown,no,no,cellular,nov,tue,63,2,999,0,nonexistent,-0.1,93.2,-42,4.153,5195.8,no
51,retired,married,basic.9y,unknown,no,no,cellular,jul,fri,64,1,999,0,nonexistent,1.4,93.918,-42.7,4.959,5228.1,yes
22,student,single,high.school,no,no,yes,cellular,jul,fri,154,2,999,0,nonexistent,1.4,93.918,-42.7,4.957,5228.1,no
32,entrepreneur,single,university.degree,no,no,yes,cellular,nov,thu,126,1,999,0,nonexistent,-0.1,93.2,-42,4.076,5195.8,yes
43,admin,married,professional.course,unknown,no,no,cellular,jul,thu,127,3,999,0,nonexistent,1.4,93.918,-42.7,4.968,5228.1,no
39,management,married,basic.6y,unknown,no,no,telephone,jun,mon,156,5,999,0,nonexistent,1.4,94.465,-41.8,4.865,5228.1,yes
52,bluecollar,divorced,unknown,no,no,no,cellular,jul,tue,111,8,999,0,nonexistent,1.4,93.918,-42.7,4.961,5228.1,no
38,technician,single,professional.course,no,yes,no,cellular,may,mon,202,3,999,1,failure,-1.8,92.893,-46.2,1.244,5099.1,yes
59,retired,married,basic.4y,no,no,no,telephone,apr,tue,353,4,999,0,nonexistent,-1.8,93.075,-47.1,1.453,5099.1,no
31,bluecollar,married,basic.4y,no,yes,no,telephone,may,wed,159,2,999,0,nonexistent,1.1,93.994,-36.4,4.857,5191,yes
76,retired,single,basic.4y,no,no,no,cellular,nov,mon,347,4,6,1,success,-3.4,92.649,-30.1,0.715,5017.5,no
44,unknown,single,basic.9y,unknown,yes,no,telephone,jun,mon,76,3,999,0,nonexistent,1.4,94.465,-41.8,4.96,5228.1,yes
30,bluecollar,married,unknown,no,no,no,telephone,may,fri,85,2,999,0,nonexistent,1.1,93.994,-36.4,4.864,5191,no
32,services,married,high.school,unknown,no,no,telephone,jun,fri,174,1,999,0,nonexistent,1.4,94.465,-41.8,4.959,5228.1,yes
41,unemployed,married,unknown,no,no,no,telephone,jun,fri,280,3,999,0,nonexistent,1.4,94.465,-41.8,4.967,5228.1,no
33,admin,single,university.degree,no,yes,no,cellular,aug,thu,686,4,999,0,nonexistent,1.4,93.444,-36.1,4.963,5228.1,yes
59,retired,married,basic.4y,no,yes,no,cellular,aug,fri,94,1,999,0,nonexistent,1.4,93.444,-36.1,4.963,5228.1,no
28,bluecollar,married,basic.9y,no,yes,no,cellular,jul,mon,225,3,999,0,nonexistent,1.4,93.918,-42.7,4.96,5228.1,yes
33,bluecollar,single,basic.6y,no,yes,no,cellular,may,fri,474,2,999,0,nonexistent,-1.8,92.893,-46.2,1.313,5099.1,no
53,services,married,high.school,unknown,yes,no,cellular,aug,thu,76,1,999,0,nonexistent,1.4,93.444,-36.1,4.964,5228.1,yes
41,services,married,high.school,no,no,no,cellular,mar,wed,377,6,999,0,nonexistent,-1.8,92.843,-50,1.778,5099.1,no
55,unknown,married,basic.4y,no,no,yes,cellular,jul,thu,185,1,999,0,nonexistent,1.4,93.918,-42.7,4.962,5228.1,yes
45,bluecollar,married,basic.9y,unknown,no,no,telephone,may,tue,121,1,999,0,nonexistent,1.1,93.994,-36.4,4.856,5191,no
35,technician,married,professional.course,no,no,no,cellular,jul,thu,126,4,999,0,nonexistent,1.4,93.918,-42.7,4.968,5228.1,yes
31,services,married,high.school,unknown,no,no,cellular,jul,mon,160,3,999,0,nonexistent,1.4,93.918,-42.7,4.96,5228.1,no
53,management,married,university.degree,no,no,no,cellular,aug,mon,313,4,999,0,nonexistent,1.4,93.444,-36.1,4.965,5228.1,yes
35,technician,single,professional.course,no,yes,no,cellular,may,thu,141,1,999,0,nonexistent,-1.8,92.893,-46.2,1.327,5099.1,no
45,bluecollar,divorced,basic.6y,unknown,yes,no,cellular,may,thu,219,1,999,0,nonexistent,-1.8,92.893,-46.2,1.327,5099.1,yes
34,housemaid,single,university.degree,no,no,no,telephone,jun,thu,267,2,999,0,nonexistent,1.4,94.465,-41.8,4.961,5228.1,no
42,admin,married,basic.9y,no,no,no,telephone,apr,mon,406,3,999,1,failure,-1.8,93.075,-47.1,1.405,5099.1,yes
36,self-employed,married,basic.9y,no,yes,yes,cellular,nov,thu,151,3,999,0,nonexistent,-0.1,93.2,-42,4.076,5195.8,no
44,admin,married,high.school,no,no,no,telephone,may,wed,228,3,999,0,nonexistent,1.1,93.994,-36.4,4.856,5191,yes
50,admin,divorced,university.degree,no,yes,no,cellular,aug,tue,73,2,999,0,nonexistent,1.4,93.444,-36.1,4.965,5228.1,no
36,admin,married,university.degree,no,yes,no,cellular,sep,fri,355,1,999,0,nonexistent,-3.4,92.379,-29.8,0.773,5017.5,yes
27,technician,married,professional.course,no,no,no,cellular,jul,thu,102,9,999,0,nonexistent,1.4,93.918,-42.7,4.963,5228.1,no
40,management,married,unknown,no,no,no,telephone,may,fri,97,3,999,0,nonexistent,1.1,93.994,-36.4,4.859,5191,yes
25,technician,single,university.degree,no,yes,yes,telephone,jun,mon,35,6,999,0,nonexistent,1.4,94.465,-41.8,4.96,5228.1,no
29,management,married,university.degree,no,yes,yes,cellular,aug,tue,116,2,999,0,nonexistent,1.4,93.444,-36.1,4.966,5228.1,yes
44,admin,married,high.school,no,no,no,telephone,may,wed,83,3,999,0,nonexistent,1.1,93.994,-36.4,4.856,5191,no
57,bluecollar,married,unknown,unknown,yes,no,telephone,may,tue,473,2,999,0,nonexistent,1.1,93.994,-36.4,4.856,5191,yes
30,admin,single,high.school,no,yes,no,cellular,jul,wed,605,1,999,0,nonexistent,1.4,93.918,-42.7,4.963,5228.1,no
37,self-employed,married,university.degree,no,yes,yes,cellular,aug,wed,585,2,999,0,nonexistent,1.4,93.444,-36.1,4.967,5228.1,yes
57,technician,married,basic.9y,no,no,no,cellular,jul,tue,94,1,999,0,nonexistent,1.4,93.918,-42.7,4.961,5228.1,no
32,technician,married,professional.course,no,yes,no,cellular,jul,thu,255,1,999,0,nonexistent,1.4,93.918,-42.7,4.963,5228.1,yes
54,admin,married,professional.course,no,no,no,cellular,nov,tue,1868,2,10,1,success,-1.1,94.767,-50.8,1.035,4963.6,no
58,bluecollar,married,basic.9y,no,yes,no,cellular,aug,mon,846,1,999,0,nonexistent,1.4,93.444,-36.1,4.97,5228.1,yes
29,admin,single,university.degree,unknown,yes,no,cellular,aug,tue,158,5,999,0,nonexistent,1.4,93.444,-36.1,4.963,5228.1,no
60,services,married,high.school,unknown,no,no,cellular,aug,tue,73,1,999,0,nonexistent,1.4,93.444,-36.1,4.966,5228.1,yes
27,unemployed,single,university.degree,no,no,no,telephone,jun,wed,404,2,999,0,nonexistent,1.4,94.465,-41.8,4.864,5228.1,no
30,unemployed,married,high.school,no,yes,no,cellular,jul,tue,383,3,999,0,nonexistent,1.4,93.918,-42.7,4.961,5228.1,yes
42,bluecollar,married,basic.4y,no,no,no,telephone,may,wed,51,1,999,0,nonexistent,1.1,93.994,-36.4,4.859,5191,no
48,housemaid,married,high.school,no,no,no,telephone,jun,tue,87,1,999,0,nonexistent,1.4,94.465,-41.8,4.864,5228.1,yes
35,admin,single,university.degree,no,no,no,cellular,aug,mon,167,2,999,0,nonexistent,1.4,93.444,-36.1,4.97,5228.1,no
46,bluecollar,married,basic.6y,unknown,yes,yes,telephone,may,mon,440,1,999,0,nonexistent,1.1,93.994,-36.4,4.857,5191,yes
57,retired,unknown,basic.4y,no,no,no,telephone,may,tue,673,1,999,0,nonexistent,1.1,93.994,-36.4,4.857,5191,no
30,services,married,high.school,no,no,no,telephone,jun,mon,151,3,999,0,nonexistent,1.4,94.465,-41.8,4.865,5228.1,yes
28,technician,single,high.school,no,yes,yes,cellular,apr,thu,48,4,999,1,failure,-1.8,93.075,-47.1,1.41,5099.1,no
34,services,married,high.school,unknown,yes,no,telephone,may,tue,309,1,999,0,nonexistent,1.1,93.994,-36.4,4.856,5191,yes
42,bluecollar,married,basic.4y,unknown,no,no,telephone,jun,thu,236,1,999,0,nonexistent,1.4,94.465,-41.8,4.958,5228.1,no
30,admin,single,university.degree,no,yes,no,cellular,nov,tue,288,1,999,0,nonexistent,-0.1,93.2,-42,4.153,5195.8,yes
27,student,single,basic.9y,no,yes,no,cellular,aug,wed,111,1,999,0,nonexistent,-1.7,94.027,-38.3,0.9,4991.6,no
23,entrepreneur,married,university.degree,no,yes,no,cellular,aug,thu,87,1,999,0,nonexistent,1.4,93.444,-36.1,4.964,5228.1,yes
43,bluecollar,married,basic.4y,unknown,yes,no,telephone,may,tue,193,1,999,0,nonexistent,1.1,93.994,-36.4,4.857,5191,no
59,management,married,basic.4y,unknown,yes,yes,telephone,may,tue,318,1,999,0,nonexistent,1.1,93.994,-36.4,4.857,5191,yes
31,self-employed,single,university.degree,no,no,no,cellular,aug,mon,209,1,999,2,failure,-1.7,94.027,-38.3,0.898,4991.6,no
43,self-employed,married,basic.9y,no,no,no,telephone,may,wed,173,2,999,0,nonexistent,1.1,93.994,-36.4,4.858,5191,yes
52,technician,married,high.school,no,yes,no,telephone,may,mon,503,2,999,0,nonexistent,1.1,93.994,-36.4,4.857,5191,no
26,housemaid,single,high.school,unknown,yes,yes,telephone,jul,thu,127,1,999,0,nonexistent,1.4,93.918,-42.7,4.963,5228.1,yes
24,bluecollar,married,basic.9y,no,yes,yes,telephone,may,fri,101,6,999,0,nonexistent,1.1,93.994,-36.4,4.855,5191,no
35,bluecollar,single,basic.6y,no,no,no,cellular,nov,thu,370,1,999,1,failure,-0.1,93.2,-42,4.076,5195.8,yes
59,technician,married,professional.course,no,no,no,cellular,jun,thu,1207,4,999,1,failure,-1.7,94.055,-39.8,0.742,4991.6,no
28,bluecollar,married,basic.6y,unknown,no,no,telephone,may,thu,262,1,999,0,nonexistent,1.1,93.994,-36.4,4.855,5191,yes
37,bluecollar,single,basic.9y,no,no,no,telephone,may,wed,211,2,999,0,nonexistent,1.1,93.994,-36.4,4.857,5191,no
46,admin,married,professional.course,no,no,no,cellular,apr,fri,609,1,999,1,failure,-1.8,93.075,-47.1,1.405,5099.1,yes
26,technician,single,university.degree,no,yes,no,cellular,jul,fri,806,3,6,2,success,-1.7,94.215,-40.3,0.861,4991.6,no
40,management,married,university.degree,no,yes,no,cellular,aug,thu,77,6,999,0,nonexistent,1.4,93.444,-36.1,4.963,5228.1,yes
56,bluecollar,married,basic.4y,unknown,yes,no,cellular,jul,tue,335,2,999,0,nonexistent,1.4,93.918,-42.7,4.961,5228.1,no
40,management,married,university.degree,no,yes,no,cellular,may,tue,459,1,999,0,nonexistent,-1.8,92.893,-46.2,1.344,5099.1,yes
29,admin,single,university.degree,no,yes,yes,telephone,may,wed,266,2,999,0,nonexistent,1.1,93.994,-36.4,4.859,5191,no
28,bluecollar,single,basic.9y,no,yes,no,cellular,may,thu,225,1,999,1,failure,-1.8,92.893,-46.2,1.266,5099.1,yes
48,technician,single,unknown,unknown,no,no,telephone,may,thu,257,7,999,0,nonexistent,1.1,93.994,-36.4,4.86,5191,no
28,unemployed,single,university.degree,no,yes,no,cellular,may,mon,434,1,999,0,nonexistent,-1.8,92.893,-46.2,1.244,5099.1,yes
33,technician,married,professional.course,no,no,no,telephone,may,thu,191,4,999,0,nonexistent,1.1,93.994,-36.4,4.86,5191,no
56,entrepreneur,married,university.degree,no,yes,yes,telephone,jun,thu,82,1,999,0,nonexistent,1.4,94.465,-41.8,4.961,5228.1,yes
57,retired,married,basic.9y,no,no,no,cellular,aug,tue,388,4,999,0,nonexistent,1.4,93.444,-36.1,4.965,5228.1,no
24,admin,single,high.school,unknown,yes,no,telephone,jul,thu,15,1,999,0,nonexistent,1.4,93.918,-42.7,4.958,5228.1,yes
39,self-employed,married,university.degree,no,no,no,telephone,may,wed,17,2,999,0,nonexistent,1.1,93.994,-36.4,4.858,5191,no
40,bluecollar,married,unknown,no,yes,yes,telephone,may,mon,155,1,999,0,nonexistent,1.1,93.994,-36.4,4.857,5191,yes
54,bluecollar,divorced,unknown,unknown,yes,no,telephone,jun,thu,339,3,999,0,nonexistent,1.4,94.465,-41.8,4.958,5228.1,no
25,admin,single,university.degree,no,no,no,telephone,jun,wed,188,2,999,0,nonexistent,1.4,94.465,-41.8,4.864,5228.1,yes
36,bluecollar,married,basic.9y,unknown,no,no,cellular,may,wed,951,3,999,1,failure,-1.8,92.893,-46.2,1.281,5099.1,no
48,admin,married,university.degree,no,yes,no,cellular,nov,wed,288,1,999,0,nonexistent,-0.1,93.2,-42,4.12,5195.8,yes
32,admin,single,university.degree,no,yes,no,cellular,aug,thu,206,1,999,0,nonexistent,1.4,93.444,-36.1,4.964,5228.1,no
48,admin,married,university.degree,no,yes,yes,cellular,jul,fri,154,2,999,0,nonexistent,1.4,93.918,-42.7,4.963,5228.1,yes
30,technician,married,university.degree,unknown,yes,no,telephone,may,wed,72,3,999,0,nonexistent,1.1,93.994,-36.4,4.858,5191,no
41,admin,divorced,high.school,no,no,no,telephone,may,tue,293,2,999,0,nonexistent,1.1,93.994,-36.4,4.857,5191,yes
54,retired,divorced,basic.4y,unknown,yes,no,cellular,jul,tue,141,1,999,0,nonexistent,1.4,93.918,-42.7,4.962,5228.1,no
29,admin,single,university.degree,no,yes,no,cellular,mar,mon,215,1,999,0,nonexistent,-1.8,93.369,-34.8,0.639,5008.7,yes
28,bluecollar,single,high.school,no,yes,no,telephone,jun,mon,102,2,999,0,nonexistent,1.4,94.465,-41.8,4.865,5228.1,no
30,admin,married,university.degree,no,no,no,telephone,may,tue,178,2,999,0,nonexistent,1.1,93.994,-36.4,4.857,5191,yes
54,admin,married,university.degree,no,yes,no,telephone,may,thu,461,3,999,0,nonexistent,1.1,93.994,-36.4,4.855,5191,no
33,entrepreneur,married,basic.9y,unknown,no,no,telephone,may,tue,82,1,999,0,nonexistent,1.1,93.994,-36.4,4.857,5191,yes
38,bluecollar,married,basic.9y,no,no,no,cellular,may,wed,204,1,11,1,success,-1.8,92.893,-46.2,1.281,5099.1,no
46,housemaid,divorced,basic.6y,no,yes,no,telephone,jun,tue,143,8,999,0,nonexistent,1.4,94.465,-41.8,4.864,5228.1,yes
38,admin,divorced,university.degree,no,no,no,telephone,jun,fri,50,3,999,0,nonexistent,1.4,94.465,-41.8,4.959,5228.1,no
38,services,married,high.school,no,no,no,cellular,jul,thu,81,1,999,0,nonexistent,1.4,93.918,-42.7,4.968,5228.1,yes
33,bluecollar,married,high.school,no,yes,no,telephone,may,wed,233,1,999,0,nonexistent,1.1,93.994,-36.4,4.856,5191,no
25,admin,married,university.degree,no,no,no,telephone,may,fri,56,1,999,0,nonexistent,1.1,93.994,-36.4,4.864,5191,yes
29,admin,single,university.degree,unknown,yes,no,cellular,may,fri,104,10,999,0,nonexistent,-1.8,92.893,-46.2,1.25,5099.1,no
60,technician,married,professional.course,unknown,no,no,telephone,jul,tue,55,15,999,0,nonexistent,1.4,93.918,-42.7,4.961,5228.1,yes
57,services,married,high.school,no,yes,no,cellular,may,mon,126,2,999,0,nonexistent,-1.8,92.893,-46.2,1.244,5099.1,no
36,admin,single,university.degree,no,no,no,cellular,aug,wed,142,1,999,0,nonexistent,1.4,93.444,-36.1,4.965,5228.1,yes
54,admin,married,university.degree,no,no,no,cellular,jul,thu,9,5,999,0,nonexistent,1.4,93.918,-42.7,4.968,5228.1,no
25,self-employed,single,university.degree,no,no,no,telephone,may,tue,247,3,999,0,nonexistent,1.1,93.994,-36.4,4.856,5191,yes
41,entrepreneur,married,university.degree,no,no,no,telephone,may,wed,130,4,999,0,nonexistent,1.1,93.994,-36.4,4.856,5191,no
54,management,married,university.degree,no,yes,no,cellular,apr,tue,336,1,999,0,nonexistent,-1.8,93.075,-47.1,1.405,5099.1,yes
39,bluecollar,divorced,basic.6y,unknown,no,no,cellular,may,wed,101,1,999,0,nonexistent,-1.8,92.893,-46.2,1.281,5099.1,no
55,entrepreneur,divorced,university.degree,unknown,no,no,cellular,may,fri,56,1,999,1,failure,-1.8,92.893,-46.2,1.313,5099.1,yes
40,admin,married,high.school,no,no,no,telephone,may,mon,160,3,999,0,nonexistent,1.1,93.994,-36.4,4.857,5191,no
43,unemployed,married,university.degree,unknown,yes,no,telephone,may,tue,424,1,999,0,nonexistent,1.1,93.994,-36.4,4.857,5191,yes
81,retired,married,basic.4y,no,no,no,cellular,may,mon,617,2,999,0,nonexistent,-1.8,92.893,-46.2,1.354,5099.1,no
43,technician,divorced,professional.course,no,yes,no,cellular,may,mon,143,1,999,0,nonexistent,-1.8,92.893,-46.2,1.264,5099.1,yes
34,admin,married,high.school,no,yes,no,cellular,jun,wed,238,1,6,2,success,-1.7,94.055,-39.8,0.704,4991.6,no
42,technician,married,high.school,no,yes,no,cellular,aug,tue,188,1,999,0,nonexistent,1.4,93.444,-36.1,4.968,5228.1,yes
30,services,married,basic.6y,no,no,no,cellular,nov,tue,154,2,999,0,nonexistent,-0.1,93.2,-42,4.153,5195.8,no
24,services,single,basic.9y,unknown,no,yes,telephone,jun,mon,222,2,999,0,nonexistent,1.4,94.465,-41.8,4.865,5228.1,yes
51,unknown,married,unknown,unknown,yes,no,cellular,aug,fri,10,5,999,0,nonexistent,1.4,93.444,-36.1,4.963,5228.1,no
42,bluecollar,married,basic.9y,no,no,no,cellular,may,tue,632,5,10,1,success,-1.8,92.893,-46.2,1.344,5099.1,yes
51,self-employed,married,basic.4y,unknown,no,yes,telephone,may,wed,91,7,999,0,nonexistent,1.1,93.994,-36.4,4.859,5191,no
38,bluecollar,married,high.school,unknown,no,no,cellular,jul,mon,90,3,999,0,nonexistent,1.4,93.918,-42.7,4.962,5228.1,yes
45,bluecollar,married,basic.4y,unknown,yes,yes,cellular,aug,mon,187,1,999,0,nonexistent,1.4,93.444,-36.1,4.965,5228.1,no
51,admin,divorced,university.degree,unknown,no,no,telephone,aug,fri,86,1,999,0,nonexistent,1.4,93.444,-36.1,4.963,5228.1,yes
44,admin,married,university.degree,unknown,no,no,telephone,may,fri,165,6,999,0,nonexistent,1.1,93.994,-36.4,4.859,5191,no
52,technician,married,basic.9y,no,yes,no,cellular,nov,fri,102,1,999,0,nonexistent,-0.1,93.2,-42,4.021,5195.8,yes
49,admin,married,university.degree,no,yes,no,telephone,may,mon,212,1,999,0,nonexistent,1.1,93.994,-36.4,4.857,5191,no
49,technician,married,professional.course,no,yes,no,telephone,may,tue,57,1,999,0,nonexistent,1.1,93.994,-36.4,4.856,5191,yes
52,unknown,married,basic.6y,no,no,no,telephone,may,fri,54,4,999,0,nonexistent,1.1,93.994,-36.4,4.864,5191,no
32,entrepreneur,married,university.degree,no,no,no,cellular,nov,thu,73,4,999,0,nonexistent,-0.1,93.2,-42,4.076,5195.8,yes
27,services,married,high.school,no,no,no,cellular,jul,thu,184,3,999,0,nonexistent,1.4,93.918,-42.7,4.963,5228.1,no
44,admin,divorced,high.school,no,yes,no,cellular,may,tue,173,8,999,1,failure,-1.8,92.893,-46.2,1.291,5099.1,yes
33,admin,single,university.degree,no,no,no,cellular,may,wed,6,7,999,0,nonexistent,-1.8,92.893,-46.2,1.281,5099.1,no
30,services,married,basic.9y,no,no,no,cellular,jul,tue,70,2,999,0,nonexistent,1.4,93.918,-42.7,4.961,5228.1,yes
32,admin,single,university.degree,no,yes,no,cellular,jul,thu,96,1,999,0,nonexistent,1.4,93.918,-42.7,4.958,5228.1,no
36,bluecollar,married,professional.course,unknown,yes,yes,telephone,jun,tue,102,3,999,0,nonexistent,1.4,94.465,-41.8,4.961,5228.1,yes
49,unemployed,married,high.school,no,yes,no,cellular,jul,wed,98,1,999,0,nonexistent,1.4,93.918,-42.7,4.963,5228.1,no
48,services,single,basic.4y,unknown,yes,yes,cellular,may,thu,106,2,999,0,nonexistent,-1.8,92.893,-46.2,1.266,5099.1,yes
48,technician,married,professional.course,no,yes,no,cellular,aug,fri,336,8,999,0,nonexistent,1.4,93.444,-36.1,4.964,5228.1,no
42,bluecollar,married,basic.4y,no,no,no,telephone,may,wed,456,2,999,0,nonexistent,1.1,93.994,-36.4,4.857,5191,yes
28,admin,married,high.school,no,yes,no,cellular,may,wed,293,3,999,0,nonexistent,-1.8,92.893,-46.2,1.334,5099.1,no
52,management,married,university.degree,unknown,yes,yes,cellular,aug,thu,118,1,999,0,nonexistent,1.4,93.444,-36.1,4.968,5228.1,yes
23,management,single,university.degree,no,yes,no,cellular,jul,tue,314,2,999,0,nonexistent,1.4,93.918,-42.7,4.961,5228.1,no
36,bluecollar,married,basic.6y,no,yes,no,telephone,may,wed,167,1,999,0,nonexistent,1.1,93.994,-36.4,4.858,5191,yes
43,admin,divorced,university.degree,unknown,no,no,cellular,aug,tue,111,2,999,0,nonexistent,1.4,93.444,-36.1,4.966,5228.1,no
31,services,divorced,high.school,unknown,yes,no,cellular,may,thu,236,1,999,0,nonexistent,-1.8,92.893,-46.2,1.327,5099.1,yes
49,unemployed,married,basic.4y,no,yes,no,cellular,aug,wed,155,2,999,0,nonexistent,1.4,93.444,-36.1,4.964,5228.1,no
36,bluecollar,married,basic.9y,no,yes,no,cellular,jul,mon,80,3,999,0,nonexistent,1.4,93.918,-42.7,4.962,5228.1,yes
47,management,divorced,basic.4y,no,no,no,telephone,may,fri,241,2,999,0,nonexistent,1.1,93.994,-36.4,4.855,5191,no
31,technician,single,professional.course,no,unknown,unknown,cellular,aug,mon,202,7,999,0,nonexistent,1.4,93.444,-36.1,4.963,5228.1,yes
46,entrepreneur,married,professional.course,unknown,no,no,telephone,jun,mon,88,1,999,0,nonexistent,1.4,94.465,-41.8,4.961,5228.1,no
54,bluecollar,married,basic.9y,unknown,yes,no,cellular,aug,tue,439,3,999,0,nonexistent,1.4,93.444,-36.1,4.966,5228.1,yes
35,admin,married,university.degree,no,no,no,cellular,may,thu,322,3,999,0,nonexistent,-1.8,92.893,-46.2,1.27,5099.1,no
37,admin,divorced,high.school,no,no,no,telephone,may,thu,51,10,999,0,nonexistent,1.1,93.994,-36.4,4.86,5191,yes
44,bluecollar,married,basic.9y,unknown,yes,no,telephone,jun,mon,147,1,999,0,nonexistent,1.4,94.465,-41.8,4.865,5228.1,no
30,unemployed,married,high.school,no,no,no,cellular,may,mon,417,1,3,1,success,-1.8,92.893,-46.2,1.354,5099.1,yes
33,admin,single,high.school,no,yes,no,cellular,jul,tue,498,5,999,0,nonexistent,1.4,93.918,-42.7,4.961,5228.1,no
57,services,divorced,unknown,no,no,no,cellular,may,fri,405,3,999,0,nonexistent,-1.8,92.893,-46.2,1.313,5099.1,yes
39,admin,single,unknown,no,no,yes,telephone,may,fri,219,4,999,0,nonexistent,1.1,93.994,-36.4,4.857,5191,no
43,unemployed,married,basic.4y,no,no,no,cellular,may,wed,117,2,999,0,nonexistent,-1.8,92.893,-46.2,1.334,5099.1,yes
32,services,married,high.school,no,unknown,unknown,telephone,may,mon,72,2,999,0,nonexistent,1.1,93.994,-36.4,4.857,5191,no
29,technician,single,university.degree,no,no,no,cellular,may,mon,68,2,999,0,nonexistent,-1.8,92.893,-46.2,1.244,5099.1,yes
35,admin,divorced,high.school,no,yes,yes,telephone,may,mon,82,2,999,1,failure,-1.8,92.893,-46.2,1.299,5099.1,no
47,admin,married,high.school,no,no,no,cellular,may,wed,99,2,999,0,nonexistent,-1.8,92.893,-46.2,1.27,5099.1,yes
37,management,married,university.degree,no,yes,no,cellular,nov,thu,252,1,999,0,nonexistent,-0.1,93.2,-42,4.076,5195.8,no
35,technician,single,university.degree,unknown,no,no,cellular,apr,mon,712,1,999,0,nonexistent,-1.8,93.075,-47.1,1.405,5099.1,yes
37,self-employed,married,basic.9y,no,yes,yes,cellular,jul,thu,171,1,999,0,nonexistent,1.4,93.918,-42.7,4.963,5228.1,no
36,technician,married,high.school,unknown,yes,no,cellular,aug,wed,112,2,999,0,nonexistent,1.4,93.444,-36.1,4.964,5228.1,yes
50,admin,married,basic.9y,no,no,no,cellular,aug,thu,84,1,999,0,nonexistent,1.4,93.444,-36.1,4.968,5228.1,no
30,admin,single,university.degree,no,no,no,cellular,aug,mon,135,1,999,0,nonexistent,1.4,93.444,-36.1,4.965,5228.1,yes
33,bluecollar,married,basic.9y,no,yes,no,cellular,jul,tue,132,1,999,0,nonexistent,1.4,93.918,-42.7,4.961,5228.1,no
37,admin,single,high.school,no,no,yes,cellular,jul,tue,223,6,999,0,nonexistent,1.4,93.918,-42.7,4.961,5228.1,yes
45,self-employed,divorced,university.degree,no,no,yes,cellular,may,fri,133,1,999,0,nonexistent,-1.8,92.893,-46.2,1.25,5099.1,no
30,admin,single,university.degree,no,no,no,cellular,nov,fri,258,2,999,1,failure,-0.1,93.2,-42,4.021,5195.8,yes
51,management,divorced,university.degree,no,no,no,cellular,may,wed,345,2,999,0,nonexistent,-1.8,92.893,-46.2,1.334,5099.1,no
49,self-employed,single,basic.9y,no,no,no,telephone,may,mon,58,10,999,0,nonexistent,1.1,93.994,-36.4,4.858,5191,yes
31,technician,single,university.degree,no,yes,no,cellular,aug,thu,958,5,999,0,nonexistent,1.4,93.444,-36.1,4.962,5228.1,no
40,admin,single,university.degree,no,yes,no,cellular,jul,fri,250,1,999,0,nonexistent,1.4,93.918,-42.7,4.962,5228.1,yes
41,technician,married,professional.course,no,no,yes,cellular,aug,thu,898,2,999,0,nonexistent,1.4,93.444,-36.1,4.963,5228.1,no
58,retired,married,basic.4y,no,yes,no,cellular,apr,thu,185,1,2,1,success,-1.8,93.075,-47.1,1.365,5099.1,yes
49,bluecollar,married,basic.4y,unknown,yes,no,telephone,may,thu,282,1,999,0,nonexistent,1.1,93.994,-36.4,4.86,5191,no
39,technician,divorced,professional.course,no,yes,no,telephone,may,fri,135,1,999,0,nonexistent,1.1,93.994,-36.4,4.855,5191,yes
48,technician,married,basic.6y,no,no,yes,telephone,may,tue,175,1,999,0,nonexistent,1.1,93.994,-36.4,4.857,5191,no
50,entrepreneur,married,basic.4y,unknown,no,no,cellular,jul,thu,235,2,999,0,nonexistent,1.4,93.918,-42.7,4.958,5228.1,yes
54,bluecollar,married,unknown,no,yes,no,cellular,aug,wed,99,3,999,0,nonexistent,1.4,93.444,-36.1,4.964,5228.1,no
38,bluecollar,married,unknown,unknown,no,yes,telephone,may,wed,181,1,999,0,nonexistent,1.1,93.994,-36.4,4.856,5191,yes
51,bluecollar,married,basic.4y,no,no,no,cellular,aug,tue,132,2,999,0,nonexistent,1.4,93.444,-36.1,4.968,5228.1,no
36,admin,single,university.degree,unknown,no,no,telephone,may,wed,117,4,999,0,nonexistent,1.1,93.994,-36.4,4.859,5191,yes
35,bluecollar,married,basic.6y,no,yes,no,cellular,nov,tue,372,2,999,0,nonexistent,-0.1,93.2,-42,4.153,5195.8,no
44,admin,married,high.school,no,no,no,cellular,aug,mon,126,1,999,0,nonexistent,1.4,93.444,-36.1,4.965,5228.1,yes
43,bluecollar,married,basic.4y,no,no,yes,cellular,may,wed,69,1,999,1,failure,-1.8,92.893,-46.2,1.281,5099.1,no
30,technician,single,university.degree,no,no,no,cellular,aug,thu,183,7,999,0,nonexistent,1.4,93.444,-36.1,4.963,5228.1,yes
41,technician,divorced,basic.4y,no,yes,no,telephone,may,tue,270,1,999,0,nonexistent,1.1,93.994,-36.4,4.856,5191,no
27,management,single,university.degree,no,yes,no,telephone,may,tue,134,2,999,0,nonexistent,1.1,93.994,-36.4,4.856,5191,yes
45,bluecollar,married,high.school,no,yes,yes,cellular,nov,mon,449,2,5,3,success,-1.1,94.767,-50.8,1.05,4963.6,no
26,admin,single,high.school,no,yes,no,telephone,may,fri,160,3,999,0,nonexistent,1.1,93.994,-36.4,4.864,5191,yes
36,technician,married,professional.course,no,unknown,unknown,telephone,may,tue,155,2,999,0,nonexistent,1.1,93.994,-36.4,4.857,5191,no
24,student,single,high.school,no,no,no,cellular,jul,wed,115,1,999,1,failure,-2.9,92.469,-33.6,1.029,5076.2,yes
46,management,married,university.degree,no,yes,no,cellular,nov,thu,205,6,999,0,nonexistent,-0.1,93.2,-42,4.076,5195.8,no
61,bluecollar,married,basic.6y,no,yes,yes,cellular,may,fri,403,1,3,2,success,-1.8,93.876,-40,0.695,5008.7,yes
50,admin,divorced,basic.9y,no,no,no,telephone,may,fri,145,4,999,0,nonexistent,1.1,93.994,-36.4,4.857,5191,no
49,technician,married,professional.course,unknown,yes,no,telephone,may,tue,82,9,999,0,nonexistent,1.1,93.994,-36.4,4.856,5191,yes
55,admin,married,basic.4y,no,yes,no,cellular,apr,fri,548,1,999,1,failure,-1.8,93.075,-47.1,1.405,5099.1,no
54,bluecollar,married,basic.4y,no,yes,no,cellular,aug,thu,109,2,999,0,nonexistent,1.4,93.444,-36.1,4.964,5228.1,yes
40,bluecollar,divorced,basic.9y,no,yes,no,cellular,jul,wed,207,3,999,0,nonexistent,1.4,93.918,-42.7,4.962,5228.1,no
58,bluecollar,married,basic.4y,unknown,yes,yes,cellular,may,wed,173,1,999,0,nonexistent,-1.8,92.893,-46.2,1.281,5099.1,yes
58,entrepreneur,married,university.degree,no,no,no,telephone,jul,wed,175,1,999,0,nonexistent,1.4,93.918,-42.7,4.963,5228.1,no
36,admin,single,university.degree,no,yes,no,cellular,aug,thu,379,1,999,0,nonexistent,1.4,93.444,-36.1,4.963,5228.1,yes
30,admin,single,university.degree,no,yes,no,cellular,aug,wed,105,1,999,0,nonexistent,1.4,93.444,-36.1,4.964,5228.1,no
45,admin,single,university.degree,no,yes,no,cellular,jul,thu,544,1,999,0,nonexistent,1.4,93.918,-42.7,4.958,5228.1,yes
40,management,married,university.degree,no,yes,no,cellular,nov,fri,401,1,999,1,failure,-0.1,93.2,-42,4.021,5195.8,no
42,self-employed,married,university.degree,no,no,no,cellular,jul,mon,84,2,999,0,nonexistent,1.4,93.918,-42.7,4.962,5228.1,yes
43,bluecollar,married,unknown,no,yes,no,cellular,may,tue,128,7,999,0,nonexistent,-1.8,92.893,-46.2,1.291,5099.1,no
24,student,single,high.school,unknown,no,no,cellular,jul,tue,86,1,999,0,nonexistent,1.4,93.918,-42.7,4.962,5228.1,yes
49,management,married,university.degree,no,no,no,cellular,jul,mon,549,3,999,0,nonexistent,1.4,93.918,-42.7,4.962,5228.1,no
55,unemployed,married,basic.4y,no,yes,no,telephone,sep,tue,6,1,999,0,nonexistent,-1.1,94.199,-37.5,0.879,4963.6,yes
49,admin,married,high.school,no,yes,no,cellular,aug,fri,183,1,999,0,nonexistent,1.4,93.444,-36.1,4.966,5228.1,no
48,bluecollar,married,basic.4y,no,no,yes,telephone,jun,tue,291,1,999,0,nonexistent,1.4,94.465,-41.8,4.864,5228.1,yes
49,admin,married,high.school,no,no,no,cellular,aug,fri,151,1,999,0,nonexistent,1.4,93.444,-36.1,4.966,5228.1,no
40,bluecollar,married,high.school,unknown,yes,no,telephone,may,mon,98,1,999,0,nonexistent,1.1,93.994,-36.4,4.857,5191,yes
35,services,married,high.school,no,no,no,cellular,may,fri,301,2,999,0,nonexistent,-1.8,92.893,-46.2,1.313,5099.1,no
32,admin,single,professional.course,no,yes,no,telephone,may,mon,16,11,999,0,nonexistent,1.1,93.994,-36.4,4.857,5191,yes
67,housemaid,divorced,professional.course,no,yes,no,cellular,nov,mon,655,2,5,5,success,-1.1,94.767,-50.8,1.039,4963.6,no
41,technician,married,university.degree,no,yes,yes,cellular,may,fri,170,4,999,0,nonexistent,-1.8,92.893,-46.2,1.313,5099.1,yes
73,retired,married,university.degree,no,yes,no,cellular,mar,fri,179,1,999,0,nonexistent,-1.8,92.843,-50,1.531,5099.1,no
32,management,single,basic.4y,no,no,no,telephone,may,mon,73,7,999,0,nonexistent,1.1,93.994,-36.4,4.858,5191,yes
33,management,married,university.degree,no,yes,no,cellular,aug,wed,113,3,999,0,nonexistent,1.4,93.444,-36.1,4.964,5228.1,no
36,technician,married,professional.course,no,yes,no,telephone,may,wed,86,4,999,0,nonexistent,-1.8,92.893,-46.2,1.27,5099.1,yes
40,technician,married,professional.course,no,yes,no,cellular,nov,thu,180,1,999,1,failure,-0.1,93.2,-42,4.076,5195.8,no
25,bluecollar,single,basic.9y,no,yes,yes,cellular,jul,thu,212,2,999,0,nonexistent,1.4,93.918,-42.7,4.962,5228.1,yes
60,entrepreneur,married,unknown,no,no,no,cellular,aug,thu,130,2,999,0,nonexistent,-2.9,92.201,-31.4,0.883,5076.2,no
45,management,married,university.degree,no,yes,no,cellular,jul,thu,391,1,999,0,nonexistent,1.4,93.918,-42.7,4.968,5228.1,yes
33,technician,married,university.degree,no,no,no,telephone,nov,wed,91,2,999,0,nonexistent,-0.1,93.2,-42,4.12,5195.8,no
31,admin,married,university.degree,no,yes,no,cellular,aug,thu,280,7,999,0,nonexistent,1.4,93.444,-36.1,4.963,5228.1,yes
48,self-employed,married,university.degree,unknown,yes,no,telephone,may,thu,750,2,999,0,nonexistent,1.1,93.994,-36.4,4.86,5191,no
42,services,married,university.degree,no,yes,no,cellular,apr,mon,257,1,999,0,nonexistent,-1.8,93.075,-47.1,1.405,5099.1,yes
40,management,married,university.degree,no,no,yes,cellular,aug,tue,454,3,999,0,nonexistent,1.4,93.444,-36.1,4.966,5228.1,no
30,technician,married,university.degree,no,no,no,cellular,jun,fri,171,1,7,1,success,-1.7,94.055,-39.8,0.748,4991.6,yes
41,bluecollar,married,basic.4y,unknown,no,no,telephone,jun,wed,38,1,999,0,nonexistent,1.4,94.465,-41.8,4.864,5228.1,no
36,housemaid,married,basic.4y,no,unknown,unknown,cellular,aug,tue,23,14,999,0,nonexistent,1.4,93.444,-36.1,4.965,5228.1,yes
41,management,divorced,basic.6y,no,no,no,cellular,nov,thu,268,1,999,0,nonexistent,-0.1,93.2,-42,4.076,5195.8,no
60,unknown,married,university.degree,no,no,yes,telephone,may,thu,112,1,999,0,nonexistent,1.1,93.994,-36.4,4.86,5191,yes
32,services,single,high.school,no,unknown,unknown,cellular,may,wed,363,1,999,1,failure,-1.8,92.893,-46.2,1.281,5099.1,no
44,self-employed,single,professional.course,no,yes,no,cellular,may,mon,775,5,999,1,failure,-1.8,92.893,-46.2,1.354,5099.1,yes
25,services,married,high.school,no,yes,no,cellular,jul,fri,164,1,999,0,nonexistent,1.4,93.918,-42.7,4.957,5228.1,no
30,bluecollar,married,basic.9y,no,no,no,cellular,jul,wed,988,1,999,0,nonexistent,1.4,93.918,-42.7,4.963,5228.1,yes
25,admin,married,university.degree,no,yes,no,telephone,jun,fri,109,1,999,0,nonexistent,1.4,94.465,-41.8,4.967,5228.1,no
31,technician,divorced,university.degree,no,yes,no,cellular,aug,thu,132,1,999,0,nonexistent,1.4,93.444,-36.1,4.963,5228.1,yes
44,bluecollar,married,basic.4y,no,unknown,unknown,telephone,jun,thu,471,3,999,0,nonexistent,1.4,94.465,-41.8,4.866,5228.1,no
29,technician,single,university.degree,no,no,no,cellular,jul,wed,259,1,999,0,nonexistent,1.4,93.918,-42.7,4.963,5228.1,yes
47,admin,married,university.degree,no,no,no,telephone,may,thu,42,1,999,0,nonexistent,1.1,93.994,-36.4,4.855,5191,no
18,student,single,unknown,no,no,no,cellular,sep,thu,385,1,3,1,success,-3.4,92.379,-29.8,0.809,5017.5,yes
25,admin,married,high.school,no,no,yes,telephone,may,tue,125,4,999,0,nonexistent,1.1,93.994,-36.4,4.856,5191,no
29,technician,married,professional.course,no,no,no,telephone,may,fri,886,3,999,0,nonexistent,1.1,93.994,-36.4,4.864,5191,yes
53,unknown,married,unknown,unknown,no,no,cellular,aug,mon,51,4,999,0,nonexistent,1.4,93.444,-36.1,4.965,5228.1,no
36,self-employed,married,basic.9y,unknown,no,no,cellular,aug,thu,406,1,999,0,nonexistent,1.4,93.444,-36.1,4.964,5228.1,yes
45,bluecollar,single,basic.9y,no,no,no,telephone,jun,mon,185,1,999,0,nonexistent,1.4,94.465,-41.8,4.865,5228.1,no
31,technician,single,university.degree,no,no,no,telephone,oct,thu,154,1,999,0,nonexistent,-0.1,93.798,-40.4,4.794,5195.8,yes
54,admin,married,unknown,unknown,no,no,telephone,jun,fri,34,16,999,0,nonexistent,1.4,94.465,-41.8,4.967,5228.1,no
51,bluecollar,married,basic.4y,unknown,yes,no,telephone,jun,tue,334,2,999,0,nonexistent,1.4,94.465,-41.8,4.961,5228.1,yes
44,entrepreneur,married,basic.4y,no,yes,no,cellular,may,tue,955,2,999,0,nonexistent,-1.8,92.893,-46.2,1.344,5099.1,no
24,bluecollar,single,basic.9y,no,yes,no,cellular,jul,fri,545,2,999,0,nonexistent,1.4,93.918,-42.7,4.963,5228.1,yes
40,admin,married,university.degree,no,yes,no,cellular,aug,tue,124,1,999,0,nonexistent,1.4,93.444,-36.1,4.966,5228.1,no
39,services,married,basic.4y,no,no,no,telephone,may,thu,126,2,999,0,nonexistent,1.1,93.994,-36.4,4.86,5191,yes
44,bluecollar,married,basic.4y,unknown,no,no,cellular,may,tue,659,1,999,1,failure,-1.8,92.893,-46.2,1.344,5099.1,no
44,management,divorced,university.degree,no,yes,no,cellular,apr,fri,230,1,999,0,nonexistent,-1.8,93.075,-47.1,1.479,5099.1,yes
52,entrepreneur,married,basic.9y,unknown,yes,no,telephone,jun,mon,699,2,999,0,nonexistent,1.4,94.465,-41.8,4.961,5228.1,no
51,bluecollar,married,high.school,no,yes,no,cellular,may,wed,809,1,999,1,failure,-1.8,92.893,-46.2,1.281,5099.1,yes
38,management,married,university.degree,no,yes,no,cellular,may,fri,1276,1,999,0,nonexistent,-1.8,92.893,-46.2,1.313,5099.1,no
34,technician,married,professional.course,no,no,no,cellular,may,fri,83,2,999,1,failure,-1.8,92.893,-46.2,1.313,5099.1,yes
23,bluecollar,single,high.school,no,no,no,cellular,jul,wed,251,1,999,0,nonexistent,1.4,93.918,-42.7,4.957,5228.1,no
30,admin,single,university.degree,no,no,no,telephone,may,wed,25,1,999,0,nonexistent,1.1,93.994,-36.4,4.856,5191,yes
26,bluecollar,married,basic.6y,no,no,no,telephone,may,wed,389,1,999,0,nonexistent,1.1,93.994,-36.4,4.859,5191,no
24,unknown,single,university.degree,no,yes,yes,cellular,jun,tue,696,1,999,2,failure,-2.9,92.963,-40.8,1.262,5076.2,yes
34,admin,married,basic.6y,no,yes,yes,cellular,nov,wed,102,2,999,0,nonexistent,-0.1,93.2,-42,4.12,5195.8,no
59,unknown,married,unknown,unknown,no,no,telephone,jun,thu,701,1,999,0,nonexistent,1.4,94.465,-41.8,4.866,5228.1,yes
32,management,divorced,university.degree,no,no,no,cellular,may,tue,342,3,999,0,nonexistent,-1.8,92.893,-46.2,1.344,5099.1,no
27,self-employed,single,university.degree,no,yes,yes,telephone,jun,wed,161,1,999,0,nonexistent,1.4,94.465,-41.8,4.864,5228.1,yes
39,housemaid,married,basic.4y,unknown,yes,no,cellular,aug,thu,223,6,999,0,nonexistent,1.4,93.444,-36.1,4.963,5228.1,no
29,bluecollar,married,professional.course,no,no,no,telephone,may,wed,34,8,999,0,nonexistent,-1.8,92.893,-46.2,1.281,5099.1,yes
42,technician,single,university.degree,no,yes,yes,cellular,aug,wed,275,8,999,0,nonexistent,1.4,93.444,-36.1,4.965,5228.1,no
60,management,married,unknown,unknown,no,no,cellular,jul,mon,230,1,999,0,nonexistent,1.4,93.918,-42.7,4.96,5228.1,yes
30,technician,single,university.degree,no,no,yes,cellular,aug,fri,81,2,999,0,nonexistent,1.4,93.444,-36.1,4.964,5228.1,no
38,management,married,university.degree,no,yes,no,cellular,may,wed,172,3,999,0,nonexistent,-1.8,92.893,-46.2,1.281,5099.1,yes
49,bluecollar,married,basic.6y,no,no,no,cellular,aug,thu,139,2,999,0,nonexistent,1.4,93.444,-36.1,4.963,5228.1,no
30,admin,single,university.degree,no,yes,no,cellular,may,mon,232,2,999,1,failure,-1.8,92.893,-46.2,1.299,5099.1,yes
41,bluecollar,married,high.school,no,yes,no,cellular,may,fri,239,1,999,0,nonexistent,-1.8,92.893,-46.2,1.25,5099.1,no
56,bluecollar,married,basic.9y,unknown,no,no,telephone,jun,fri,143,2,999,0,nonexistent,1.4,94.465,-41.8,4.967,5228.1,yes
58,bluecollar,single,basic.9y,no,yes,no,cellular,may,wed,127,2,999,0,nonexistent,-1.8,92.893,-46.2,1.334,5099.1,no
52,bluecollar,divorced,basic.4y,no,yes,no,cellular,apr,thu,291,1,999,1,failure,-1.8,93.075,-47.1,1.41,5099.1,yes
32,admin,married,professional.course,no,yes,no,cellular,jul,wed,173,3,999,0,nonexistent,1.4,93.918,-42.7,4.963,5228.1,no
51,management,married,university.degree,no,yes,no,cellular,may,mon,131,2,999,4,failure,-1.8,93.876,-40,0.697,5008.7,yes
31,self-employed,married,university.degree,no,yes,no,cellular,aug,fri,73,1,999,0,nonexistent,1.4,93.444,-36.1,4.963,5228.1,no
34,technician,married,professional.course,no,yes,no,cellular,aug,fri,36,1,999,0,nonexistent,1.4,93.444,-36.1,4.963,5228.1,yes
60,retired,married,unknown,no,yes,no,cellular,aug,mon,600,2,999,0,nonexistent,1.4,93.444,-36.1,4.965,5228.1,no
36,admin,married,university.degree,no,yes,no,cellular,may,fri,334,3,999,0,nonexistent,-1.8,92.893,-46.2,1.313,5099.1,yes
30,services,divorced,basic.9y,no,no,no,telephone,may,thu,177,1,999,0,nonexistent,1.1,93.994,-36.4,4.86,5191,no
51,admin,single,university.degree,no,yes,yes,cellular,jun,fri,263,2,999,0,nonexistent,-2.9,92.963,-40.8,1.268,5076.2,yes
26,bluecollar,married,basic.9y,no,yes,no,cellular,jul,mon,159,2,999,0,nonexistent,1.4,93.918,-42.7,4.96,5228.1,no
39,admin,married,university.degree,no,yes,no,cellular,aug,thu,217,3,999,0,nonexistent,1.4,93.444,-36.1,4.968,5228.1,yes
38,entrepreneur,married,university.degree,unknown,no,no,telephone,may,tue,477,11,999,0,nonexistent,1.1,93.994,-36.4,4.857,5191,no
41,bluecollar,married,basic.9y,no,no,no,telephone,may,tue,216,1,999,0,nonexistent,1.1,93.994,-36.4,4.856,5191,yes
43,unknown,married,high.school,unknown,yes,yes,telephone,may,mon,329,2,999,0,nonexistent,1.1,93.994,-36.4,4.857,5191,no
60,entrepreneur,married,basic.4y,no,unknown,unknown,telephone,may,thu,101,3,999,0,nonexistent,1.1,93.994,-36.4,4.86,5191,yes
28,bluecollar,married,basic.6y,unknown,no,no,telephone,jun,tue,151,7,999,0,nonexistent,1.4,94.465,-41.8,4.864,5228.1,no
34,technician,married,professional.course,no,yes,no,cellular,jul,wed,144,5,999,0,nonexistent,1.4,93.918,-42.7,4.962,5228.1,yes
64,unemployed,divorced,basic.9y,no,yes,no,cellular,oct,wed,604,2,999,0,nonexistent,-1.1,94.601,-49.5,0.959,4963.6,no
35,bluecollar,married,professional.course,no,yes,yes,telephone,may,wed,634,2,999,0,nonexistent,1.1,93.994,-36.4,4.858,5191,yes
40,bluecollar,married,basic.9y,no,yes,no,cellular,jul,tue,107,4,999,0,nonexistent,1.4,93.918,-42.7,4.961,5228.1,no
46,bluecollar,single,basic.6y,unknown,no,yes,cellular,may,thu,245,2,999,1,failure,-1.8,92.893,-46.2,1.327,5099.1,yes
33,admin,married,university.degree,no,yes,no,cellular,jun,tue,690,1,999,0,nonexistent,-2.9,92.963,-40.8,1.262,5076.2,no
74,retired,married,university.degree,no,no,no,telephone,oct,mon,160,1,999,0,nonexistent,-1.1,94.601,-49.5,0.977,4963.6,yes
40,management,married,high.school,no,yes,no,cellular,aug,wed,286,1,999,0,nonexistent,1.4,93.444,-36.1,4.965,5228.1,no
46,services,married,high.school,no,no,no,cellular,jul,mon,93,3,999,0,nonexistent,1.4,93.918,-42.7,4.962,5228.1,yes
41,entrepreneur,divorced,professional.course,no,yes,no,cellular,jul,thu,72,1,999,0,nonexistent,1.4,93.918,-42.7,4.963,5228.1,no
30,technician,single,university.degree,unknown,yes,no,cellular,aug,thu,103,2,999,0,nonexistent,1.4,93.444,-36.1,4.968,5228.1,yes
44,admin,married,university.degree,no,yes,no,cellular,may,tue,201,1,999,0,nonexistent,-1.8,92.893,-46.2,1.344,5099.1,no
47,bluecollar,married,high.school,no,unknown,unknown,cellular,aug,tue,153,10,999,0,nonexistent,1.4,93.444,-36.1,4.965,5228.1,yes
50,bluecollar,married,basic.4y,unknown,yes,no,telephone,may,fri,74,1,999,0,nonexistent,1.1,93.994,-36.4,4.859,5191,no
29,technician,single,professional.course,no,yes,no,cellular,may,mon,245,1,999,0,nonexistent,-1.8,92.893,-46.2,1.244,5099.1,yes
51,bluecollar,divorced,basic.4y,no,yes,no,cellular,may,tue,314,4,999,0,nonexistent,-1.8,92.893,-46.2,1.291,5099.1,no
52,bluecollar,married,basic.4y,no,no,no,telephone,may,fri,136,2,999,0,nonexistent,1.1,93.994,-36.4,4.859,5191,yes
27,admin,single,high.school,no,no,no,telephone,apr,thu,198,3,999,0,nonexistent,-1.8,93.075,-47.1,1.41,5099.1,no
44,self-employed,married,basic.9y,no,yes,no,telephone,jun,tue,249,1,999,0,nonexistent,1.4,94.465,-41.8,4.864,5228.1,yes
34,unemployed,married,basic.9y,no,no,no,cellular,may,mon,123,2,999,0,nonexistent,-1.8,92.893,-46.2,1.299,5099.1,no
23,student,single,high.school,no,yes,no,cellular,oct,mon,226,2,999,1,failure,-1.1,94.601,-49.5,1.032,4963.6,yes
30,technician,single,professional.course,no,no,no,cellular,jul,tue,136,2,999,0,nonexistent,1.4,93.918,-42.7,4.962,5228.1,no
26,student,single,high.school,no,yes,no,cellular,may,mon,113,2,999,0,nonexistent,-1.8,92.893,-46.2,1.244,5099.1,yes
35,technician,married,university.degree,no,yes,no,cellular,may,mon,262,3,999,0,nonexistent,-1.8,92.893,-46.2,1.299,5099.1,no
24,technician,single,university.degree,no,no,no,cellular,jul,wed,141,4,999,0,nonexistent,1.4,93.918,-42.7,4.963,5228.1,yes
38,unemployed,married,basic.4y,unknown,no,no,cellular,jul,tue,1058,1,999,0,nonexistent,1.4,93.918,-42.7,4.961,5228.1,no
36,admin,married,high.school,no,no,no,telephone,may,thu,263,3,999,0,nonexistent,1.1,93.994,-36.4,4.86,5191,yes
24,technician,single,university.degree,no,no,no,cellular,jul,thu,299,3,999,0,nonexistent,1.4,93.918,-42.7,4.968,5228.1,no
31,management,married,university.degree,no,yes,no,cellular,aug,wed,181,2,999,0,nonexistent,1.4,93.444,-36.1,4.964,5228.1,yes
41,admin,married,university.degree,no,yes,no,cellular,aug,wed,206,1,999,0,nonexistent,1.4,93.444,-36.1,4.965,5228.1,no
39,unemployed,married,university.degree,no,yes,no,telephone,may,thu,168,2,999,0,nonexistent,1.1,93.994,-36.4,4.855,5191,yes
36,technician,divorced,professional.course,unknown,no,no,telephone,jun,mon,90,4,999,0,nonexistent,1.4,94.465,-41.8,4.865,5228.1,no
47,retired,married,basic.4y,unknown,unknown,unknown,telephone,may,wed,441,2,999,0,nonexistent,1.1,93.994,-36.4,4.856,5191,yes
33,technician,married,professional.course,no,no,no,cellular,apr,thu,285,1,999,0,nonexistent,-1.8,93.075,-47.1,1.41,5099.1,no
34,bluecollar,married,professional.course,no,yes,no,cellular,nov,tue,135,3,999,0,nonexistent,-0.1,93.2,-42,4.153,5195.8,yes
42,technician,divorced,professional.course,unknown,no,yes,telephone,may,fri,286,3,999,0,nonexistent,1.1,93.994,-36.4,4.859,5191,no
51,bluecollar,married,high.school,no,no,no,cellular,nov,fri,11,4,999,0,nonexistent,-0.1,93.2,-42,4.021,5195.8,yes
34,bluecollar,single,basic.6y,no,yes,yes,cellular,jul,wed,195,1,999,0,nonexistent,1.4,93.918,-42.7,4.957,5228.1,no
33,admin,single,university.degree,no,yes,yes,cellular,aug,tue,275,6,999,0,nonexistent,1.4,93.444,-36.1,4.963,5228.1,yes
37,management,married,university.degree,no,yes,no,cellular,jul,fri,292,1,6,1,success,-1.7,94.215,-40.3,0.896,4991.6,no
33,bluecollar,married,basic.9y,no,no,yes,telephone,jul,mon,9,1,999,0,nonexistent,-1.7,94.215,-40.3,0.827,4991.6,yes
36,housemaid,married,basic.4y,no,no,no,cellular,aug,mon,73,2,999,0,nonexistent,1.4,93.444,-36.1,4.965,5228.1,no
43,services,married,high.school,no,no,no,cellular,nov,thu,81,1,999,0,nonexistent,-0.1,93.2,-42,4.076,5195.8,yes
47,bluecollar,married,basic.6y,no,yes,yes,cellular,jul,mon,298,3,999,0,nonexistent,1.4,93.918,-42.7,4.962,5228.1,no
32,admin,married,university.degree,no,yes,yes,cellular,aug,wed,224,1,999,0,nonexistent,1.4,93.444,-36.1,4.965,5228.1,yes
42,admin,single,university.degree,no,no,no,cellular,aug,mon,1013,3,999,0,nonexistent,-1.7,94.027,-38.3,0.898,4991.6,no
36,admin,married,university.degree,no,yes,no,cellular,nov,fri,248,1,999,0,nonexistent,-0.1,93.2,-42,4.021,5195.8,yes
42,bluecollar,divorced,basic.9y,no,unknown,unknown,telephone,may,mon,100,1,999,0,nonexistent,1.1,93.994,-36.4,4.858,5191,no
31,bluecollar,single,basic.9y,no,no,no,telephone,apr,thu,285,2,999,0,nonexistent,-1.8,93.075,-47.1,1.483,5099.1,yes
41,admin,divorced,basic.6y,no,no,no,telephone,jul,mon,141,1,999,0,nonexistent,1.4,93.918,-42.7,4.96,5228.1,no
31,technician,married,basic.9y,no,no,yes,cellular,jul,thu,1319,5,999,0,nonexistent,1.4,93.918,-42.7,4.958,5228.1,yes
36,technician,single,professional.course,no,no,no,cellular,jun,fri,146,2,999,0,nonexistent,-2.9,92.963,-40.8,1.268,5076.2,no
46,services,married,basic.9y,no,no,yes,cellular,may,wed,227,2,999,0,nonexistent,-1.8,92.893,-46.2,1.334,5099.1,yes
35,admin,divorced,high.school,no,no,no,cellular,nov,mon,49,3,999,0,nonexistent,-0.1,93.2,-42,4.191,5195.8,no
30,technician,married,high.school,no,yes,no,telephone,may,thu,212,6,999,0,nonexistent,1.1,93.994,-36.4,4.86,5191,yes
35,technician,single,university.degree,no,yes,no,telephone,may,wed,294,1,999,0,nonexistent,1.1,93.994,-36.4,4.857,5191,no
47,management,married,basic.4y,unknown,no,no,telephone,may,fri,190,1,999,0,nonexistent,1.1,93.994,-36.4,4.857,5191,yes
35,management,single,high.school,no,yes,yes,cellular,may,fri,130,2,999,0,nonexistent,-1.8,92.893,-46.2,1.313,5099.1,no
77,management,married,unknown,no,yes,no,cellular,aug,fri,160,1,3,6,success,-1.7,94.027,-38.3,0.905,4991.6,yes
39,technician,married,professional.course,no,unknown,unknown,telephone,may,wed,575,2,999,0,nonexistent,1.1,93.994,-36.4,4.858,5191,no
37,admin,single,high.school,no,yes,no,telephone,jul,tue,49,4,999,0,nonexistent,1.4,93.918,-42.7,4.961,5228.1,yes
31,admin,single,university.degree,no,no,no,telephone,may,mon,237,1,999,0,nonexistent,1.1,93.994,-36.4,4.857,5191,no
49,technician,divorced,high.school,no,yes,no,cellular,jul,thu,388,1,999,0,nonexistent,1.4,93.918,-42.7,4.958,5228.1,yes
57,self-employed,married,university.degree,unknown,no,no,cellular,jul,mon,83,4,999,0,nonexistent,1.4,93.918,-42.7,4.962,5228.1,no
33,bluecollar,divorced,basic.9y,no,yes,no,telephone,jun,thu,155,1,999,0,nonexistent,1.4,94.465,-41.8,4.958,5228.1,yes
35,bluecollar,married,basic.6y,no,yes,no,telephone,may,fri,115,6,999,0,nonexistent,1.1,93.994,-36.4,4.864,5191,no
39,technician,single,university.degree,no,yes,yes,cellular,apr,mon,861,6,999,1,failure,-1.8,93.075,-47.1,1.405,5099.1,yes
34,technician,married,basic.9y,no,yes,no,cellular,may,mon,95,1,999,0,nonexistent,-1.8,92.893,-46.2,1.299,5099.1,no
32,admin,single,high.school,no,no,yes,telephone,jun,fri,180,2,999,0,nonexistent,1.4,94.465,-41.8,4.967,5228.1,yes
35,student,single,university.degree,unknown,no,no,telephone,jun,thu,618,1,999,0,nonexistent,1.4,94.465,-41.8,4.961,5228.1,no
53,self-employed,married,university.degree,no,no,no,cellular,aug,fri,59,3,999,0,nonexistent,1.4,93.444,-36.1,4.963,5228.1,yes
30,technician,married,university.degree,no,yes,no,telephone,jul,wed,31,2,999,0,nonexistent,1.4,93.918,-42.7,4.963,5228.1,no
30,student,single,unknown,unknown,yes,no,telephone,may,mon,114,2,999,0,nonexistent,1.1,93.994,-36.4,4.857,5191,yes
44,bluecollar,married,high.school,no,no,no,cellular,apr,mon,271,2,999,1,failure,-1.8,93.075,-47.1,1.466,5099.1,no
50,admin,married,basic.9y,no,no,no,cellular,aug,thu,23,14,999,0,nonexistent,1.4,93.444,-36.1,4.962,5228.1,yes
56,retired,married,high.school,no,yes,no,telephone,may,mon,167,3,999,0,nonexistent,1.1,93.994,-36.4,4.857,5191,no
58,retired,divorced,high.school,no,yes,no,cellular,jun,tue,145,2,999,0,nonexistent,-2.9,92.963,-40.8,1.262,5076.2,yes
54,technician,married,university.degree,unknown,no,no,telephone,jun,thu,322,2,999,0,nonexistent,1.4,94.465,-41.8,4.958,5228.1,no
40,technician,single,university.degree,no,no,no,cellular,nov,mon,130,1,7,2,failure,-3.4,92.649,-30.1,0.714,5017.5,yes
31,bluecollar,married,basic.6y,no,no,no,cellular,jul,fri,103,2,999,0,nonexistent,1.4,93.918,-42.7,4.963,5228.1,no
41,admin,married,high.school,no,yes,no,cellular,may,tue,181,1,999,1,failure,-1.8,92.893,-46.2,1.344,5099.1,yes
31,bluecollar,single,high.school,no,yes,no,cellular,may,thu,361,1,999,0,nonexistent,-1.8,92.893,-46.2,1.327,5099.1,no
39,services,married,high.school,no,yes,yes,cellular,may,tue,200,1,999,0,nonexistent,-1.8,92.893,-46.2,1.344,5099.1,yes
37,admin,married,high.school,no,yes,no,telephone,may,mon,166,4,999,0,nonexistent,1.1,93.994,-36.4,4.857,5191,no
41,unknown,single,unknown,unknown,yes,no,telephone,jun,fri,94,2,999,0,nonexistent,1.4,94.465,-41.8,4.967,5228.1,yes
50,technician,married,university.degree,no,yes,no,cellular,jul,fri,367,1,999,0,nonexistent,1.4,93.918,-42.7,4.962,5228.1,no
49,bluecollar,married,basic.4y,unknown,no,no,telephone,may,fri,187,1,999,0,nonexistent,1.1,93.994,-36.4,4.859,5191,yes
31,admin,married,university.degree,no,no,no,telephone,may,wed,197,2,999,0,nonexistent,1.1,93.994,-36.4,4.859,5191,no
35,services,married,professional.course,no,yes,no,cellular,apr,thu,218,2,6,1,success,-1.8,93.749,-34.6,0.644,5008.7,yes
52,management,married,university.degree,no,yes,no,telephone,may,fri,412,1,999,0,nonexistent,1.1,93.994,-36.4,4.859,5191,no
33,management,married,university.degree,no,no,no,telephone,may,thu,166,3,999,0,nonexistent,1.1,93.994,-36.4,4.855,5191,yes
32,bluecollar,married,basic.4y,no,no,no,cellular,may,mon,299,3,999,0,nonexistent,-1.8,92.893,-46.2,1.299,5099.1,no
35,management,married,university.degree,no,yes,no,cellular,apr,thu,584,1,999,0,nonexistent,-1.8,93.075,-47.1,1.365,5099.1,yes
54,admin,married,university.degree,no,yes,yes,cellular,aug,fri,204,1,999,1,failure,-2.9,92.201,-31.4,0.849,5076.2,no
27,services,single,high.school,unknown,no,no,cellular,jul,tue,509,4,999,0,nonexistent,1.4,93.918,-42.7,4.962,5228.1,yes
52,management,married,professional.course,no,yes,yes,telephone,may,tue,280,1,999,0,nonexistent,1.1,93.994,-36.4,4.857,5191,no
32,admin,married,university.degree,no,yes,yes,cellular,aug,fri,131,1,999,0,nonexistent,-2.9,92.201,-31.4,0.881,5076.2,yes
36,admin,single,high.school,no,yes,no,cellular,may,thu,27,1,999,1,failure,-1.8,92.893,-46.2,1.327,5099.1,no
27,admin,married,professional.course,no,no,no,cellular,may,thu,584,1,999,0,nonexistent,-1.8,92.893,-46.2,1.266,5099.1,yes
39,bluecollar,single,basic.9y,no,yes,no,cellular,nov,mon,78,2,999,0,nonexistent,-0.1,93.2,-42,4.191,5195.8,no
34,entrepreneur,married,university.degree,no,no,yes,cellular,apr,fri,77,3,999,0,nonexistent,-1.8,93.075,-47.1,1.405,5099.1,yes
35,bluecollar,married,basic.9y,no,yes,no,telephone,may,wed,162,1,999,0,nonexistent,1.1,93.994,-36.4,4.858,5191,no
32,admin,single,university.degree,no,no,no,telephone,may,wed,180,1,999,0,nonexistent,1.1,93.994,-36.4,4.859,5191,yes
42,technician,married,professional.course,no,no,no,cellular,aug,wed,96,1,999,1,failure,-2.9,92.201,-31.4,0.879,5076.2,no
42,admin,married,high.school,no,no,no,cellular,nov,mon,651,2,999,1,failure,-0.1,93.2,-42,4.191,5195.8,yes
37,management,single,university.degree,no,yes,no,telephone,may,fri,415,1,999,0,nonexistent,1.1,93.994,-36.4,4.857,5191,no
34,admin,married,university.degree,no,yes,yes,cellular,nov,fri,85,3,999,0,nonexistent,-0.1,93.2,-42,4.021,5195.8,yes
27,admin,single,high.school,no,yes,no,cellular,jul,thu,130,1,999,0,nonexistent,1.4,93.918,-42.7,4.958,5228.1,no
49,bluecollar,married,basic.9y,unknown,no,no,telephone,jun,thu,1149,2,999,0,nonexistent,1.4,94.465,-41.8,4.866,5228.1,yes
35,admin,married,university.degree,no,no,no,telephone,may,tue,235,4,999,0,nonexistent,1.1,93.994,-36.4,4.857,5191,no
22,bluecollar,single,basic.9y,no,yes,no,telephone,jul,mon,110,7,999,0,nonexistent,1.4,93.918,-42.7,4.96,5228.1,yes
45,housemaid,divorced,university.degree,no,yes,no,telephone,may,thu,105,1,999,0,nonexistent,1.1,93.994,-36.4,4.86,5191,no
29,bluecollar,married,high.school,no,yes,no,telephone,jul,wed,42,1,999,0,nonexistent,1.4,93.918,-42.7,4.962,5228.1,yes
59,technician,married,professional.course,no,yes,no,telephone,aug,wed,240,3,999,1,failure,-2.9,92.201,-31.4,0.834,5076.2,no
55,retired,divorced,basic.6y,unknown,no,no,telephone,jun,mon,228,2,999,0,nonexistent,1.4,94.465,-41.8,4.865,5228.1,yes
32,bluecollar,married,unknown,no,no,no,cellular,nov,thu,366,4,999,0,nonexistent,-0.1,93.2,-42,4.076,5195.8,no
49,bluecollar,divorced,unknown,unknown,yes,no,cellular,jul,wed,284,1,999,0,nonexistent,1.4,93.918,-42.7,4.957,5228.1,yes
43,admin,married,professional.course,no,yes,no,telephone,jun,thu,193,2,999,0,nonexistent,1.4,94.465,-41.8,4.866,5228.1,no
47,bluecollar,married,high.school,no,yes,no,cellular,may,fri,181,1,999,0,nonexistent,-1.8,92.893,-46.2,1.25,5099.1,yes
41,bluecollar,divorced,basic.9y,no,yes,no,cellular,may,thu,102,1,999,0,nonexistent,-1.8,92.893,-46.2,1.327,5099.1,no
50,bluecollar,married,basic.9y,unknown,yes,no,telephone,may,mon,192,2,999,0,nonexistent,1.1,93.994,-36.4,4.857,5191,yes
46,entrepreneur,married,university.degree,no,yes,no,cellular,nov,tue,148,2,999,0,nonexistent,-0.1,93.2,-42,4.153,5195.8,no
32,services,married,high.school,no,yes,yes,telephone,may,wed,184,9,999,0,nonexistent,1.1,93.994,-36.4,4.858,5191,yes
47,retired,single,basic.6y,unknown,yes,yes,cellular,jul,mon,431,3,999,0,nonexistent,1.4,93.918,-42.7,4.962,5228.1,no
54,admin,married,university.degree,unknown,no,yes,telephone,may,thu,82,2,999,0,nonexistent,1.1,93.994,-36.4,4.86,5191,yes
29,technician,married,university.degree,no,no,no,cellular,apr,mon,135,3,999,1,failure,-1.8,93.749,-34.6,0.645,5008.7,no
33,admin,married,university.degree,no,no,no,cellular,apr,thu,157,6,999,0,nonexistent,-1.8,93.749,-34.6,0.659,5008.7,yes
31,student,single,university.degree,no,no,no,cellular,jul,fri,608,3,6,2,success,-1.7,94.215,-40.3,0.885,4991.6,no
27,bluecollar,single,basic.9y,no,yes,no,cellular,may,tue,339,2,999,1,failure,-1.8,92.893,-46.2,1.291,5099.1,yes
25,student,single,high.school,no,no,no,cellular,nov,thu,244,1,999,0,nonexistent,-1.1,94.767,-50.8,1.041,4963.6,no
34,technician,married,university.degree,no,yes,no,cellular,nov,wed,686,1,999,0,nonexistent,-0.1,93.2,-42,4.12,5195.8,yes
35,admin,married,high.school,no,no,no,telephone,may,mon,165,5,999,0,nonexistent,1.1,93.994,-36.4,4.857,5191,no
37,services,married,basic.9y,unknown,yes,no,telephone,may,wed,211,1,999,0,nonexistent,-1.8,92.893,-46.2,1.281,5099.1,yes
34,technician,single,university.degree,no,yes,yes,cellular,aug,wed,455,3,999,0,nonexistent,1.4,93.444,-36.1,4.967,5228.1,no
33,bluecollar,single,basic.4y,no,no,yes,cellular,may,tue,807,3,999,1,failure,-1.8,92.893,-46.2,1.291,5099.1,yes
54,self-employed,married,high.school,no,yes,no,cellular,aug,thu,204,4,999,0,nonexistent,1.4,93.444,-36.1,4.964,5228.1,no
30,bluecollar,married,basic.9y,no,yes,no,cellular,nov,wed,175,1,999,1,failure,-0.1,93.2,-42,4.12,5195.8,yes
40,bluecollar,married,basic.4y,no,no,no,telephone,jun,mon,258,2,999,0,nonexistent,1.4,94.465,-41.8,4.961,5228.1,no
37,technician,single,high.school,no,yes,no,cellular,apr,thu,44,2,999,0,nonexistent,-1.8,93.075,-47.1,1.41,5099.1,yes
34,housemaid,divorced,university.degree,no,yes,yes,cellular,apr,fri,73,1,999,0,nonexistent,-1.8,93.075,-47.1,1.405,5099.1,no
25,unemployed,married,high.school,unknown,unknown,unknown,cellular,jul,fri,147,10,999,0,nonexistent,1.4,93.918,-42.7,4.963,5228.1,yes
59,retired,married,university.degree,no,yes,no,cellular,aug,thu,17,18,999,0,nonexistent,1.4,93.444,-36.1,4.962,5228.1,no
25,admin,single,university.degree,no,yes,no,cellular,sep,thu,420,1,1,1,success,-3.4,92.379,-29.8,0.809,5017.5,yes
58,unemployed,married,university.degree,no,yes,no,cellular,nov,thu,344,2,999,0,nonexistent,-1.1,94.767,-50.8,1.041,4963.6,no
42,bluecollar,single,basic.4y,no,unknown,unknown,telephone,jul,fri,385,1,999,0,nonexistent,1.4,93.918,-42.7,4.962,5228.1,yes
33,technician,married,university.degree,no,yes,no,cellular,may,mon,182,1,999,0,nonexistent,-1.8,92.893,-46.2,1.244,5099.1,no
50,bluecollar,married,basic.4y,unknown,yes,no,cellular,aug,fri,80,1,999,0,nonexistent,1.4,93.444,-36.1,4.966,5228.1,yes
39,bluecollar,married,basic.6y,no,no,no,telephone,may,thu,393,1,999,0,nonexistent,1.1,93.994,-36.4,4.855,5191,no
30,technician,single,high.school,no,no,no,cellular,aug,mon,638,4,999,0,nonexistent,1.4,93.444,-36.1,4.963,5228.1,yes
33,management,married,high.school,unknown,yes,no,telephone,may,wed,641,1,999,0,nonexistent,1.1,93.994,-36.4,4.858,5191,no
33,management,married,university.degree,no,no,no,telephone,may,fri,21,1,999,0,nonexistent,1.1,93.994,-36.4,4.855,5191,yes
41,technician,married,professional.course,no,yes,no,telephone,may,wed,446,2,999,0,nonexistent,1.1,93.994,-36.4,4.858,5191,no
36,management,married,university.degree,no,yes,no,telephone,may,fri,170,4,999,0,nonexistent,1.1,93.994,-36.4,4.864,5191,yes
44,entrepreneur,married,university.degree,no,yes,yes,cellular,nov,thu,96,1,999,0,nonexistent,-0.1,93.2,-42,4.076,5195.8,no
57,retired,married,basic.4y,no,yes,yes,telephone,apr,tue,1348,4,999,0,nonexistent,-1.8,93.075,-47.1,1.405,5099.1,yes
40,bluecollar,married,basic.6y,unknown,no,no,telephone,may,tue,85,2,999,0,nonexistent,1.1,93.994,-36.4,4.856,5191,no
42,bluecollar,married,basic.9y,unknown,no,no,telephone,may,fri,148,9,999,0,nonexistent,1.1,93.994,-36.4,4.859,5191,yes
41,self-employed,single,university.degree,no,yes,yes,telephone,may,wed,23,17,999,0,nonexistent,1.1,93.994,-36.4,4.857,5191,no
41,entrepreneur,married,university.degree,no,yes,no,cellular,aug,thu,324,1,999,0,nonexistent,-1.7,94.027,-38.3,0.904,4991.6,yes
33,services,married,professional.course,no,yes,yes,cellular,aug,thu,331,1,999,0,nonexistent,1.4,93.444,-36.1,4.962,5228.1,no
32,technician,single,high.school,no,no,no,telephone,jul,wed,40,5,999,0,nonexistent,1.4,93.918,-42.7,4.963,5228.1,yes
45,unemployed,married,university.degree,no,no,no,telephone,may,tue,550,2,999,0,nonexistent,1.1,93.994,-36.4,4.856,5191,no
29,technician,single,university.degree,no,no,no,cellular,jun,thu,442,3,999,0,nonexistent,-2.9,92.963,-40.8,1.26,5076.2,yes
35,technician,single,basic.9y,no,no,no,cellular,nov,wed,178,1,999,1,failure,-0.1,93.2,-42,4.12,5195.8,no
35,admin,married,university.degree,no,yes,no,cellular,sep,wed,110,2,18,2,failure,-1.1,94.199,-37.5,0.886,4963.6,yes
86,retired,married,unknown,unknown,yes,yes,cellular,sep,tue,211,1,7,4,success,-1.1,94.199,-37.5,0.877,4963.6,no
45,admin,married,university.degree,no,no,no,cellular,aug,fri,27,2,999,0,nonexistent,1.4,93.444,-36.1,4.963,5228.1,yes
34,technician,married,professional.course,no,no,yes,telephone,may,fri,388,2,999,0,nonexistent,1.1,93.994,-36.4,4.855,5191,no
41,technician,married,professional.course,no,yes,no,cellular,nov,mon,545,2,999,0,nonexistent,-1.1,94.767,-50.8,1.039,4963.6,yes
50,bluecollar,married,basic.4y,no,yes,no,cellular,may,wed,146,1,999,1,failure,-1.8,92.893,-46.2,1.334,5099.1,no
28,management,single,basic.9y,no,yes,no,telephone,may,thu,166,1,999,0,nonexistent,-1.8,92.893,-46.2,1.266,5099.1,yes
33,admin,married,university.degree,no,yes,no,telephone,may,thu,139,2,999,0,nonexistent,1.1,93.994,-36.4,4.86,5191,no
42,technician,married,university.degree,unknown,yes,no,cellular,may,wed,301,1,999,0,nonexistent,-1.8,92.893,-46.2,1.334,5099.1,yes
43,bluecollar,married,basic.6y,no,no,no,telephone,may,fri,218,3,999,0,nonexistent,1.1,93.994,-36.4,4.859,5191,no
42,services,married,university.degree,no,no,no,cellular,dec,wed,179,1,6,1,success,-3,92.713,-33,0.715,5023.5,yes
56,bluecollar,married,basic.4y,unknown,no,yes,cellular,aug,thu,360,1,999,0,nonexistent,1.4,93.444,-36.1,4.968,5228.1,no
29,student,single,university.degree,no,yes,no,cellular,jul,thu,489,1,999,0,nonexistent,1.4,93.918,-42.7,4.963,5228.1,yes
31,housemaid,single,high.school,no,yes,no,cellular,jul,wed,125,3,999,0,nonexistent,1.4,93.918,-42.7,4.963,5228.1,no
31,admin,single,high.school,no,yes,no,cellular,jul,thu,304,2,999,0,nonexistent,1.4,93.918,-42.7,4.962,5228.1,yes
28,bluecollar,married,basic.4y,no,no,no,cellular,may,tue,189,1,999,0,nonexistent,-1.8,92.893,-46.2,1.291,5099.1,no
43,admin,married,university.degree,no,yes,yes,telephone,jul,tue,377,1,999,0,nonexistent,1.4,93.918,-42.7,4.962,5228.1,yes
44,admin,single,high.school,no,yes,no,cellular,may,wed,728,1,999,0,nonexistent,-1.8,92.893,-46.2,1.334,5099.1,no
43,admin,married,high.school,no,yes,no,cellular,jul,mon,128,22,999,0,nonexistent,1.4,93.918,-42.7,4.962,5228.1,yes
41,retired,single,basic.4y,no,yes,no,cellular,oct,fri,278,1,999,0,nonexistent,-1.1,94.601,-49.5,0.942,4963.6,no
31,admin,single,university.degree,no,no,no,telephone,aug,tue,387,1,999,0,nonexistent,-2.9,92.201,-31.4,0.883,5076.2,yes
59,admin,married,university.degree,no,yes,yes,telephone,may,thu,29,9,999,0,nonexistent,1.1,93.994,-36.4,4.86,5191,no
32,housemaid,single,university.degree,unknown,yes,no,cellular,jul,tue,71,4,999,0,nonexistent,1.4,93.918,-42.7,4.961,5228.1,yes
24,student,single,high.school,no,no,no,cellular,jun,tue,292,1,999,1,failure,-1.7,94.055,-39.8,0.737,4991.6,no
31,bluecollar,single,basic.9y,no,no,no,telephone,jun,wed,767,2,999,0,nonexistent,1.4,94.465,-41.8,4.864,5228.1,yes
38,admin,single,high.school,no,yes,yes,cellular,nov,thu,1476,4,999,0,nonexistent,-0.1,93.2,-42,4.076,5195.8,no
37,management,divorced,university.degree,no,yes,no,cellular,may,mon,176,1,999,0,nonexistent,-1.8,92.893,-46.2,1.244,5099.1,yes
33,admin,married,university.degree,no,yes,no,telephone,jul,fri,52,4,999,0,nonexistent,1.4,93.918,-42.7,4.963,5228.1,no
27,admin,single,university.degree,no,yes,yes,cellular,jul,mon,150,4,999,0,nonexistent,1.4,93.918,-42.7,4.96,5228.1,yes
34,services,married,high.school,no,no,no,telephone,may,thu,285,1,999,0,nonexistent,1.1,93.994,-36.4,4.86,5191,no
46,self-employed,married,basic.6y,unknown,yes,no,cellular,nov,tue,32,1,999,1,failure,-0.1,93.2,-42,4.153,5195.8,yes
30,admin,married,high.school,no,no,no,cellular,jul,wed,227,1,999,0,nonexistent,1.4,93.918,-42.7,4.957,5228.1,no
31,unemployed,single,basic.4y,no,no,no,cellular,nov,fri,12,8,999,0,nonexistent,-0.1,93.2,-42,4.021,5195.8,yes
56,management,married,university.degree,no,no,yes,telephone,may,wed,171,1,999,0,nonexistent,1.1,93.994,-36.4,4.858,5191,no
52,services,married,high.school,no,no,no,cellular,jul,wed,183,1,999,0,nonexistent,1.4,93.918,-42.7,4.962,5228.1,yes
30,technician,married,professional.course,no,yes,no,telephone,jul,thu,501,2,999,0,nonexistent,1.4,93.918,-42.7,4.966,5228.1,no
34,bluecollar,married,basic.6y,no,no,no,telephone,jun,fri,381,3,999,0,nonexistent,1.4,94.465,-41.8,4.947,5228.1,yes
31,admin,married,high.school,no,no,no,cellular,oct,thu,142,1,999,0,nonexistent,-3.4,92.431,-26.9,0.722,5017.5,no
33,admin,married,university.degree,no,yes,no,cellular,nov,fri,482,1,12,1,success,-1.1,94.767,-50.8,1.049,4963.6,yes
33,admin,single,university.degree,no,yes,yes,telephone,apr,wed,117,1,999,0,nonexistent,-1.8,93.075,-47.1,1.415,5099.1,no
30,technician,single,university.degree,no,yes,no,cellular,aug,mon,14,13,999,0,nonexistent,1.4,93.444,-36.1,4.965,5228.1,yes
28,admin,single,university.degree,no,no,no,cellular,apr,fri,69,1,999,0,nonexistent,-1.8,93.075,-47.1,1.405,5099.1,no
24,technician,single,professional.course,no,no,no,telephone,may,tue,240,4,999,0,nonexistent,-1.8,92.893,-46.2,1.266,5099.1,yes
41,bluecollar,married,basic.4y,no,yes,yes,cellular,may,wed,389,2,999,0,nonexistent,-1.8,92.893,-46.2,1.334,5099.1,no
26,admin,married,high.school,no,no,no,telephone,may,thu,326,4,999,0,nonexistent,1.1,93.994,-36.4,4.86,5191,yes
40,admin,married,unknown,no,no,no,telephone,may,thu,387,4,999,0,nonexistent,1.1,93.994,-36.4,4.86,5191,no
45,housemaid,single,basic.4y,no,no,no,telephone,sep,mon,569,4,999,0,nonexistent,-3.4,92.379,-29.8,0.797,5017.5,yes
42,admin,married,university.degree,unknown,yes,no,telephone,jun,thu,160,2,999,0,nonexistent,1.4,94.465,-41.8,4.866,5228.1,no
41,technician,married,high.school,no,no,no,cellular,aug,mon,697,2,999,0,nonexistent,1.4,93.444,-36.1,4.963,5228.1,yes
56,management,divorced,basic.9y,unknown,yes,no,telephone,may,thu,313,2,999,0,nonexistent,1.1,93.994,-36.4,4.86,5191,no
25,technician,single,high.school,no,yes,no,cellular,may,fri,581,3,999,2,failure,-1.8,93.876,-40,0.699,5008.7,yes
25,bluecollar,single,high.school,unknown,yes,no,cellular,may,mon,23,1,999,0,nonexistent,-1.8,92.893,-46.2,1.299,5099.1,no
33,admin,single,high.school,no,yes,no,cellular,may,tue,659,1,999,0,nonexistent,-1.8,92.893,-46.2,1.344,5099.1,yes
34,technician,married,basic.9y,no,no,no,cellular,may,mon,103,1,999,0,nonexistent,-1.8,92.893,-46.2,1.299,5099.1,no
36,technician,single,high.school,no,yes,no,cellular,jul,wed,243,1,999,1,failure,-2.9,92.469,-33.6,1.029,5076.2,yes
75,retired,married,university.degree,no,yes,no,cellular,jul,thu,229,1,999,2,failure,-1.7,94.215,-40.3,0.81,4991.6,no
38,management,married,university.degree,no,no,yes,cellular,nov,fri,79,1,999,0,nonexistent,-0.1,93.2,-42,4.021,5195.8,yes
28,student,single,unknown,no,yes,no,cellular,aug,thu,111,1,999,1,failure,-2.9,92.201,-31.4,0.883,5076.2,no
56,retired,married,basic.4y,unknown,yes,no,cellular,aug,wed,102,1,999,0,nonexistent,1.4,93.444,-36.1,4.967,5228.1,yes
58,bluecollar,married,professional.course,no,no,no,telephone,jun,fri,15,12,999,0,nonexistent,1.4,94.465,-41.8,4.959,5228.1,no
30,bluecollar,single,unknown,no,yes,yes,telephone,may,mon,408,1,999,0,nonexistent,1.1,93.994,-36.4,4.857,5191,yes
48,admin,married,university.degree,unknown,yes,no,cellular,aug,tue,286,1,999,0,nonexistent,1.4,93.444,-36.1,4.965,5228.1,no
30,admin,married,high.school,no,yes,no,cellular,jul,fri,53,6,999,0,nonexistent,1.4,93.918,-42.7,4.959,5228.1,yes
43,admin,married,high.school,no,unknown,unknown,telephone,may,wed,164,2,999,0,nonexistent,1.1,93.994,-36.4,4.858,5191,no
33,admin,single,university.degree,no,no,no,cellular,may,mon,305,2,999,0,nonexistent,-1.8,92.893,-46.2,1.244,5099.1,yes
36,technician,married,basic.6y,no,no,no,cellular,apr,mon,316,2,999,1,failure,-1.8,93.075,-47.1,1.405,5099.1,no
54,retired,single,high.school,no,yes,no,cellular,jul,thu,577,3,999,0,nonexistent,1.4,93.918,-42.7,4.962,5228.1,yes
29,bluecollar,single,high.school,no,yes,no,cellular,jul,fri,90,1,999,0,nonexistent,1.4,93.918,-42.7,4.957,5228.1,no
28,admin,single,university.degree,no,yes,yes,cellular,dec,fri,454,6,999,1,failure,-3,92.713,-33,0.71,5023.5,yes
59,retired,divorced,professional.course,no,no,no,cellular,may,wed,69,1,999,0,nonexistent,-1.8,92.893,-46.2,1.281,5099.1,no
45,bluecollar,married,basic.9y,unknown,yes,no,cellular,apr,tue,427,4,999,1,failure,-1.8,93.075,-47.1,1.423,5099.1,yes
32,technician,single,university.degree,no,yes,no,cellular,aug,wed,25,13,999,0,nonexistent,1.4,93.444,-36.1,4.964,5228.1,no
55,retired,divorced,professional.course,no,no,yes,telephone,may,wed,217,2,999,0,nonexistent,1.1,93.994,-36.4,4.857,5191,yes
29,admin,single,university.degree,no,no,no,cellular,aug,thu,139,1,999,0,nonexistent,1.4,93.444,-36.1,4.963,5228.1,no
31,technician,married,professional.course,no,no,no,telephone,may,wed,257,2,999,0,nonexistent,1.1,93.994,-36.4,4.858,5191,yes
34,technician,married,high.school,no,yes,no,cellular,aug,fri,107,1,999,0,nonexistent,1.4,93.444,-36.1,4.964,5228.1,no
25,technician,divorced,university.degree,no,yes,no,telephone,jun,mon,214,2,999,0,nonexistent,1.4,94.465,-41.8,4.865,5228.1,yes
35,bluecollar,married,basic.9y,no,yes,no,cellular,dec,thu,105,1,4,3,success,-3,92.713,-33,0.707,5023.5,no
49,technician,married,basic.9y,no,yes,no,telephone,may,mon,146,6,999,0,nonexistent,1.1,93.994,-36.4,4.857,5191,yes
35,bluecollar,married,basic.9y,unknown,yes,no,telephone,jul,thu,19,1,999,0,nonexistent,1.4,93.918,-42.7,4.968,5228.1,no
36,admin,married,university.degree,no,no,no,cellular,may,tue,65,1,999,1,failure,-1.8,92.893,-46.2,1.266,5099.1,yes
29,technician,single,university.degree,no,yes,yes,cellular,nov,thu,281,2,999,0,nonexistent,-0.1,93.2,-42,4.076,5195.8,no
30,admin,single,high.school,no,unknown,unknown,cellular,nov,tue,229,2,999,0,nonexistent,-0.1,93.2,-42,4.153,5195.8,yes
24,student,married,university.degree,no,no,no,cellular,jul,tue,114,1,999,0,nonexistent,1.4,93.918,-42.7,4.961,5228.1,no
47,admin,single,university.degree,no,yes,no,cellular,jun,mon,243,4,999,0,nonexistent,-2.9,92.963,-40.8,1.281,5076.2,yes
32,bluecollar,married,basic.4y,no,no,yes,cellular,may,thu,80,4,999,0,nonexistent,-1.8,92.893,-46.2,1.266,5099.1,no
34,technician,single,professional.course,no,no,no,cellular,aug,mon,468,1,999,0,nonexistent,1.4,93.444,-36.1,4.965,5228.1,yes
34,admin,single,university.degree,no,no,no,cellular,may,fri,101,4,999,1,failure,-1.8,92.893,-46.2,1.25,5099.1,no
39,technician,married,professional.course,no,no,no,telephone,jun,tue,83,2,999,0,nonexistent,1.4,94.465,-41.8,4.961,5228.1,yes
47,bluecollar,married,basic.9y,no,yes,yes,cellular,may,wed,74,6,999,2,failure,-1.8,92.893,-46.2,1.334,5099.1,no
32,technician,married,high.school,no,yes,no,cellular,may,tue,67,1,999,0,nonexistent,-1.8,92.893,-46.2,1.344,5099.1,yes
29,technician,single,university.degree,no,yes,no,cellular,jul,wed,438,1,999,0,nonexistent,1.4,93.918,-42.7,4.963,5228.1,no
57,retired,married,university.degree,no,yes,no,telephone,jun,fri,12,5,999,0,nonexistent,1.4,94.465,-41.8,4.959,5228.1,yes
49,management,married,high.school,no,no,no,cellular,nov,wed,582,1,999,0,nonexistent,-0.1,93.2,-42,4.12,5195.8,no
42,technician,married,professional.course,unknown,yes,no,cellular,jul,thu,721,10,999,0,nonexistent,1.4,93.918,-42.7,4.968,5228.1,yes
29,admin,single,university.degree,unknown,yes,no,cellular,aug,fri,142,2,999,0,nonexistent,1.4,93.444,-36.1,4.966,5228.1,no
34,technician,married,professional.course,no,yes,yes,telephone,may,fri,224,3,999,0,nonexistent,1.1,93.994,-36.4,4.855,5191,yes
51,entrepreneur,divorced,university.degree,no,yes,no,cellular,may,mon,212,1,999,0,nonexistent,-1.8,92.893,-46.2,1.299,5099.1,no
47,bluecollar,divorced,basic.9y,no,no,no,cellular,may,tue,295,1,999,0,nonexistent,-1.8,92.893,-46.2,1.344,5099.1,yes
53,technician,married,professional.course,no,yes,no,telephone,mar,mon,247,5,999,2,failure,-1.8,93.369,-34.8,0.646,5008.7,no
28,technician,married,basic.9y,no,yes,no,cellular,jul,mon,236,2,999,0,nonexistent,1.4,93.918,-42.7,4.96,5228.1,yes
27,technician,single,university.degree,no,yes,no,cellular,oct,wed,184,1,999,1,failure,-1.1,94.601,-49.5,1.043,4963.6,no
23,admin,single,university.degree,no,yes,no,cellular,jul,wed,104,1,999,2,failure,-1.7,94.215,-40.3,0.881,4991.6,yes
30,student,single,high.school,no,no,no,cellular,aug,thu,200,1,999,1,failure,-1.7,94.027,-38.3,0.904,4991.6,no
42,bluecollar,married,basic.6y,no,yes,no,cellular,may,wed,172,1,999,0,nonexistent,-1.8,92.893,-46.2,1.281,5099.1,yes
38,admin,single,university.degree,no,yes,no,telephone,jun,wed,190,2,999,0,nonexistent,1.4,94.465,-41.8,4.962,5228.1,no
29,admin,married,university.degree,no,yes,yes,cellular,apr,mon,245,1,999,0,nonexistent,-1.8,93.075,-47.1,1.405,5099.1,yes
44,housemaid,married,basic.4y,no,yes,no,cellular,may,wed,31,1,999,1,failure,-1.8,92.893,-46.2,1.281,5099.1,no
59,retired,married,high.school,no,unknown,unknown,telephone,aug,thu,204,2,999,0,nonexistent,1.4,93.444,-36.1,4.968,5228.1,yes
45,management,single,basic.9y,no,yes,no,cellular,nov,thu,165,3,999,1,failure,-0.1,93.2,-42,4.076,5195.8,no
51,management,married,university.degree,unknown,no,yes,telephone,jun,thu,93,1,999,0,nonexistent,1.4,94.465,-41.8,4.955,5228.1,yes
28,services,married,high.school,no,yes,yes,telephone,may,mon,114,2,999,0,nonexistent,1.1,93.994,-36.4,4.857,5191,no
29,technician,married,university.degree,no,yes,yes,cellular,aug,wed,94,2,999,0,nonexistent,1.4,93.444,-36.1,4.964,5228.1,yes
28,technician,single,professional.course,no,yes,no,cellular,apr,thu,477,2,999,1,failure,-1.8,93.075,-47.1,1.483,5099.1,no
29,technician,single,professional.course,no,yes,no,cellular,may,wed,231,2,999,0,nonexistent,-1.8,92.893,-46.2,1.281,5099.1,yes
40,admin,single,high.school,unknown,yes,no,telephone,jun,mon,142,3,999,0,nonexistent,1.4,94.465,-41.8,4.865,5228.1,no
43,bluecollar,married,basic.4y,no,yes,no,cellular,may,mon,221,2,999,0,nonexistent,-1.8,92.893,-46.2,1.244,5099.1,yes
54,management,married,university.degree,no,no,yes,cellular,jul,tue,218,1,999,0,nonexistent,1.4,93.918,-42.7,4.961,5228.1,no
42,admin,married,university.degree,no,yes,no,cellular,may,mon,370,5,999,0,nonexistent,-1.8,92.893,-46.2,1.354,5099.1,yes
55,services,married,high.school,no,no,no,cellular,may,mon,336,1,999,1,failure,-1.8,92.893,-46.2,1.244,5099.1,no
49,bluecollar,single,basic.4y,unknown,no,no,cellular,jul,wed,121,1,999,0,nonexistent,1.4,93.918,-42.7,4.962,5228.1,yes
52,services,married,professional.course,unknown,yes,yes,cellular,aug,mon,84,3,999,0,nonexistent,1.4,93.444,-36.1,4.965,5228.1,no
32,admin,married,high.school,no,no,no,cellular,aug,fri,52,8,999,0,nonexistent,1.4,93.444,-36.1,4.966,5228.1,yes
23,admin,single,university.degree,no,yes,yes,telephone,jul,mon,69,3,999,0,nonexistent,1.4,93.918,-42.7,4.96,5228.1,no
34,technician,married,professional.course,no,yes,yes,cellular,nov,thu,42,7,999,0,nonexistent,-0.1,93.2,-42,4.076,5195.8,yes
36,services,married,high.school,no,no,no,cellular,jul,wed,98,3,999,0,nonexistent,1.4,93.918,-42.7,4.963,5228.1,no
54,admin,single,university.degree,unknown,no,no,cellular,aug,thu,218,2,999,0,nonexistent,1.4,93.444,-36.1,4.968,5228.1,yes
39,services,divorced,basic.9y,no,yes,no,telephone,may,thu,51,1,999,0,nonexistent,1.1,93.994,-36.4,4.86,5191,no
50,housemaid,divorced,basic.4y,no,no,no,telephone,sep,tue,57,1,999,0,nonexistent,-1.1,94.199,-37.5,0.877,4963.6,yes
30,services,single,high.school,no,yes,no,cellular,jun,mon,181,2,999,0,nonexistent,-2.9,92.963,-40.8,1.26,5076.2,no
27,bluecollar,married,basic.9y,no,no,yes,telephone,may,thu,1170,1,999,0,nonexistent,1.1,93.994,-36.4,4.855,5191,yes
32,admin,divorced,university.degree,no,yes,no,telephone,may,thu,147,4,999,0,nonexistent,1.1,93.994,-36.4,4.86,5191,no
54,technician,married,university.degree,unknown,no,no,telephone,jun,mon,71,4,999,0,nonexistent,1.4,94.465,-41.8,4.96,5228.1,yes
40,bluecollar,married,basic.4y,unknown,unknown,unknown,telephone,jul,wed,135,1,999,0,nonexistent,1.4,93.918,-42.7,4.962,5228.1,no
50,bluecollar,married,professional.course,unknown,yes,no,cellular,may,thu,157,1,999,1,failure,-1.8,92.893,-46.2,1.327,5099.1,yes
35,technician,single,professional.course,no,unknown,unknown,cellular,may,mon,146,2,999,0,nonexistent,-1.8,92.893,-46.2,1.299,5099.1,no
26,admin,single,university.degree,no,yes,no,cellular,sep,tue,355,1,999,1,failure,-1.1,94.199,-37.5,0.881,4963.6,yes
45,admin,single,university.degree,no,yes,no,cellular,aug,wed,99,1,999,0,nonexistent,1.4,93.444,-36.1,4.965,5228.1,no
28,technician,married,high.school,no,no,no,telephone,may,tue,180,1,999,0,nonexistent,1.1,93.994,-36.4,4.856,5191,yes
28,bluecollar,single,basic.4y,no,yes,no,telephone,may,mon,101,2,999,0,nonexistent,1.1,93.994,-36.4,4.857,5191,no
50,technician,married,professional.course,no,no,no,telephone,may,fri,121,2,999,0,nonexistent,1.1,93.994,-36.4,4.859,5191,yes
31,bluecollar,married,basic.6y,no,yes,no,telephone,jun,fri,55,12,999,0,nonexistent,1.4,94.465,-41.8,4.959,5228.1,no
34,admin,single,university.degree,no,no,no,cellular,aug,fri,114,1,999,0,nonexistent,1.4,93.444,-36.1,4.964,5228.1,yes
56,bluecollar,married,basic.4y,unknown,no,no,cellular,jul,tue,368,5,999,0,nonexistent,1.4,93.918,-42.7,4.961,5228.1,no
29,entrepreneur,married,basic.4y,no,no,no,cellular,jul,tue,103,4,999,0,nonexistent,1.4,93.918,-42.7,4.961,5228.1,yes
58,admin,married,university.degree,no,no,no,cellular,aug,wed,233,2,999,0,nonexistent,1.4,93.444,-36.1,4.965,5228.1,no
46,bluecollar,married,basic.4y,no,no,no,cellular,may,mon,471,3,999,0,nonexistent,-1.8,92.893,-46.2,1.299,5099.1,yes
35,bluecollar,divorced,basic.9y,no,no,yes,telephone,may,tue,131,1,999,0,nonexistent,1.1,93.994,-36.4,4.856,5191,no
34,management,married,university.degree,unknown,yes,no,cellular,may,thu,281,1,999,0,nonexistent,-1.8,92.893,-46.2,1.327,5099.1,yes
39,admin,single,high.school,no,no,no,cellular,apr,fri,297,1,999,0,nonexistent,-1.8,93.075,-47.1,1.405,5099.1,no
40,management,married,unknown,no,yes,no,cellular,nov,thu,165,1,999,1,failure,-0.1,93.2,-42,4.076,5195.8,yes
40,admin,married,university.degree,no,yes,yes,cellular,aug,tue,117,1,999,0,nonexistent,1.4,93.444,-36.1,4.966,5228.1,no
54,bluecollar,married,basic.4y,unknown,yes,yes,cellular,jul,thu,71,5,999,0,nonexistent,1.4,93.918,-42.7,4.962,5228.1,yes
25,admin,single,university.degree,no,no,no,telephone,jun,mon,94,2,999,0,nonexistent,-2.9,92.963,-40.8,1.26,5076.2,no
40,unemployed,married,professional.course,no,yes,no,cellular,sep,fri,155,3,999,0,nonexistent,-3.4,92.379,-29.8,0.773,5017.5,yes
49,bluecollar,married,basic.4y,unknown,no,no,telephone,jun,thu,67,3,999,0,nonexistent,1.4,94.465,-41.8,4.958,5228.1,no
41,admin,married,unknown,no,yes,no,cellular,sep,thu,228,1,999,1,failure,-1.1,94.199,-37.5,0.879,4963.6,yes
32,admin,married,high.school,no,no,no,cellular,jul,mon,549,2,999,0,nonexistent,1.4,93.918,-42.7,4.96,5228.1,no
44,admin,divorced,university.degree,no,no,no,telephone,jun,fri,39,2,999,0,nonexistent,1.4,94.465,-41.8,4.959,5228.1,yes
41,admin,married,university.degree,no,no,no,cellular,jul,mon,1360,3,999,0,nonexistent,1.4,93.918,-42.7,4.96,5228.1,no
30,technician,single,university.degree,no,yes,yes,cellular,aug,tue,433,2,999,0,nonexistent,1.4,93.444,-36.1,4.966,5228.1,yes
27,bluecollar,single,basic.9y,no,yes,no,cellular,may,tue,352,1,999,0,nonexistent,-1.8,92.893,-46.2,1.344,5099.1,no
41,bluecollar,married,basic.4y,no,yes,no,telephone,may,wed,152,3,999,0,nonexistent,1.1,93.994,-36.4,4.856,5191,yes
36,bluecollar,married,basic.9y,unknown,yes,no,telephone,may,wed,38,1,999,1,failure,-1.8,92.893,-46.2,1.281,5099.1,no
54,entrepreneur,married,professional.course,no,yes,yes,cellular,nov,tue,134,1,999,0,nonexistent,-0.1,93.2,-42,4.153,5195.8,yes
30,bluecollar,single,professional.course,no,no,no,cellular,may,tue,165,1,999,1,failure,-1.8,93.876,-40,0.668,5008.7,no
25,student,single,unknown,unknown,yes,no,cellular,aug,fri,81,1,999,1,failure,-2.9,92.201,-31.4,0.825,5076.2,yes
42,management,married,high.school,no,no,no,cellular,nov,thu,59,2,999,0,nonexistent,-0.1,93.2,-42,4.076,5195.8,no
36,services,divorced,basic.9y,no,yes,no,cellular,may,tue,255,2,999,0,nonexistent,-1.8,92.893,-46.2,1.291,5099.1,yes
45,admin,married,university.degree,unknown,yes,no,telephone,may,tue,99,6,999,0,nonexistent,1.1,93.994,-36.4,4.857,5191,no
38,technician,married,university.degree,unknown,no,no,telephone,may,thu,257,2,999,0,nonexistent,1.1,93.994,-36.4,4.855,5191,yes
38,admin,single,professional.course,no,no,no,telephone,may,mon,160,1,999,0,nonexistent,1.1,93.994,-36.4,4.857,5191,no
34,bluecollar,married,basic.4y,no,no,no,telephone,jun,fri,78,2,999,0,nonexistent,1.4,94.465,-41.8,4.967,5228.1,yes
44,admin,married,basic.9y,unknown,no,no,cellular,may,wed,217,3,999,1,failure,-1.8,92.893,-46.2,1.334,5099.1,no
37,services,single,basic.9y,no,no,no,cellular,may,tue,37,1,999,0,nonexistent,-1.8,92.893,-46.2,1.344,5099.1,yes
39,bluecollar,single,basic.9y,no,no,no,telephone,may,tue,650,3,999,0,nonexistent,1.1,93.994,-36.4,4.856,5191,no
57,admin,married,university.degree,no,no,no,cellular,jul,mon,230,1,999,0,nonexistent,1.4,93.918,-42.7,4.96,5228.1,yes
34,technician,married,professional.course,unknown,yes,no,cellular,jul,wed,64,4,999,0,nonexistent,1.4,93.918,-42.7,4.963,5228.1,no
25,admin,married,unknown,no,no,no,telephone,jun,mon,112,1,999,0,nonexistent,1.4,94.465,-41.8,4.865,5228.1,yes
52,admin,married,high.school,no,yes,no,cellular,apr,thu,152,2,999,1,failure,-1.8,93.075,-47.1,1.435,5099.1,no
23,technician,single,high.school,no,no,no,cellular,may,thu,104,1,999,0,nonexistent,-1.8,92.893,-46.2,1.266,5099.1,yes
57,technician,married,basic.4y,unknown,no,no,telephone,may,tue,101,1,999,0,nonexistent,1.1,93.994,-36.4,4.857,5191,no
50,admin,married,university.degree,no,no,no,cellular,nov,fri,206,1,999,0,nonexistent,-0.1,93.2,-42,4.021,5195.8,yes
46,technician,married,professional.course,no,no,yes,telephone,jun,mon,63,1,999,0,nonexistent,1.4,94.465,-41.8,4.865,5228.1,no
43,bluecollar,single,basic.4y,unknown,no,no,telephone,may,wed,339,3,999,0,nonexistent,1.1,93.994,-36.4,4.858,5191,yes
38,management,divorced,university.degree,no,no,no,cellular,nov,mon,136,2,999,1,failure,-0.1,93.2,-42,4.191,5195.8,no
53,admin,single,basic.6y,no,yes,yes,telephone,may,mon,148,2,999,0,nonexistent,1.1,93.994,-36.4,4.857,5191,yes
35,self-employed,unknown,university.degree,no,no,no,cellular,nov,thu,221,1,999,0,nonexistent,-0.1,93.2,-42,4.076,5195.8,no
28,services,married,high.school,no,no,no,cellular,jul,tue,289,1,999,0,nonexistent,1.4,93.918,-42.7,4.962,5228.1,yes
25,bluecollar,single,basic.9y,no,yes,no,telephone,may,wed,155,1,999,0,nonexistent,1.1,93.994,-36.4,4.859,5191,no
56,services,divorced,high.school,unknown,no,no,telephone,may,thu,311,5,999,0,nonexistent,1.1,93.994,-36.4,4.86,5191,yes
56,technician,married,university.degree,unknown,no,no,cellular,jul,mon,17,19,999,0,nonexistent,1.4,93.918,-42.7,4.96,5228.1,no
33,services,single,high.school,no,yes,no,telephone,jun,thu,326,5,999,0,nonexistent,1.4,94.465,-41.8,4.961,5228.1,yes
31,housemaid,single,professional.course,unknown,yes,yes,cellular,aug,tue,213,1,999,0,nonexistent,1.4,93.444,-36.1,4.966,5228.1,no
48,admin,divorced,university.degree,no,no,no,cellular,aug,thu,544,1,999,0,nonexistent,-1.7,94.027,-38.3,0.904,4991.6,yes
45,self-employed,divorced,university.degree,no,yes,yes,telephone,jun,mon,173,1,999,0,nonexistent,1.4,94.465,-41.8,4.961,5228.1,no
24,bluecollar,married,basic.9y,no,yes,no,cellular,oct,fri,160,1,999,0,nonexistent,-3.4,92.431,-26.9,0.72,5017.5,yes
33,bluecollar,married,basic.9y,no,yes,yes,cellular,may,tue,341,1,999,0,nonexistent,-1.8,92.893,-46.2,1.291,5099.1,no
38,admin,married,high.school,unknown,no,no,telephone,apr,mon,121,4,999,0,nonexistent,-1.8,93.075,-47.1,1.405,5099.1,yes
48,housemaid,married,basic.4y,unknown,no,yes,cellular,aug,mon,148,1,999,0,nonexistent,1.4,93.444,-36.1,4.97,5228.1,no
28,entrepreneur,married,basic.9y,unknown,no,no,cellular,may,fri,22,5,999,0,nonexistent,-1.8,92.893,-46.2,1.25,5099.1,yes
50,self-employed,married,basic.4y,unknown,unknown,unknown,telephone,may,wed,153,3,999,0,nonexistent,1.1,93.994,-36.4,4.856,5191,no
29,admin,married,university.degree,no,yes,yes,telephone,jun,wed,281,3,999,0,nonexistent,1.4,94.465,-41.8,4.958,5228.1,yes
38,bluecollar,married,basic.6y,no,no,no,telephone,may,mon,177,3,999,0,nonexistent,1.1,93.994,-36.4,4.857,5191,no
18,student,single,unknown,no,yes,yes,telephone,aug,wed,297,1,999,0,nonexistent,-1.7,94.027,-38.3,0.9,4991.6,yes
31,unemployed,married,basic.9y,no,yes,no,telephone,may,wed,43,1,999,0,nonexistent,-1.8,92.893,-46.2,1.281,5099.1,no
34,bluecollar,married,basic.9y,no,yes,no,cellular,jul,wed,487,5,999,0,nonexistent,1.4,93.918,-42.7,4.963,5228.1,yes
38,admin,married,university.degree,no,yes,no,telephone,jun,tue,43,9,999,0,nonexistent,1.4,94.465,-41.8,4.961,5228.1,no
57,admin,single,high.school,no,yes,no,telephone,may,mon,26,5,12,1,success,-1.8,92.893,-46.2,1.244,5099.1,yes
35,technician,divorced,unknown,no,yes,yes,telephone,may,wed,432,1,999,0,nonexistent,1.1,93.994,-36.4,4.856,5191,no
77,retired,divorced,professional.course,no,no,no,cellular,aug,mon,258,1,999,0,nonexistent,-1.7,94.027,-38.3,0.898,4991.6,yes
29,bluecollar,single,basic.9y,unknown,yes,yes,cellular,jul,tue,532,1,999,0,nonexistent,1.4,93.918,-42.7,4.961,5228.1,no
46,management,married,university.degree,no,no,yes,cellular,jul,fri,153,2,999,0,nonexistent,1.4,93.918,-42.7,4.962,5228.1,yes
21,student,single,high.school,no,yes,yes,cellular,jun,wed,286,2,999,0,nonexistent,-1.7,94.055,-39.8,0.767,4991.6,no
43,management,married,university.degree,no,no,no,cellular,aug,mon,75,1,999,0,nonexistent,-2.9,92.201,-31.4,0.861,5076.2,yes
43,admin,married,basic.9y,unknown,no,no,cellular,jul,thu,294,2,999,0,nonexistent,1.4,93.918,-42.7,4.958,5228.1,no
31,technician,married,university.degree,no,no,no,cellular,oct,tue,146,2,12,3,failure,-1.1,94.601,-49.5,0.982,4963.6,yes
39,student,single,unknown,no,yes,no,telephone,jun,tue,367,1,999,0,nonexistent,1.4,94.465,-41.8,4.961,5228.1,no
44,technician,single,university.degree,no,no,yes,cellular,jul,fri,228,2,999,0,nonexistent,1.4,93.918,-42.7,4.963,5228.1,yes
32,services,single,high.school,no,yes,no,cellular,may,wed,53,1,999,1,failure,-1.8,92.893,-46.2,1.281,5099.1,no
43,self-employed,single,high.school,unknown,no,no,cellular,may,wed,79,1,999,1,failure,-1.8,92.893,-46.2,1.281,5099.1,yes
48,services,married,high.school,no,no,no,telephone,sep,tue,11,1,999,0,nonexistent,-1.1,94.199,-37.5,0.881,4963.6,no
28,bluecollar,single,basic.6y,no,no,no,telephone,may,fri,557,1,999,0,nonexistent,1.1,93.994,-36.4,4.855,5191,yes
36,bluecollar,married,basic.9y,no,yes,yes,cellular,may,wed,55,1,999,1,failure,-1.8,92.893,-46.2,1.281,5099.1,no
52,self-employed,divorced,basic.9y,no,yes,no,cellular,nov,thu,26,5,999,1,failure,-0.1,93.2,-42,4.076,5195.8,yes
34,services,single,high.school,no,yes,no,cellular,may,thu,541,3,999,1,failure,-1.8,92.893,-46.2,1.327,5099.1,no
37,admin,married,high.school,no,yes,no,telephone,may,mon,115,4,999,0,nonexistent,1.1,93.994,-36.4,4.857,5191,yes
25,admin,single,university.degree,no,no,no,cellular,may,wed,101,1,999,0,nonexistent,-1.8,92.893,-46.2,1.334,5099.1,no
48,technician,divorced,professional.course,no,no,no,cellular,aug,tue,69,1,999,0,nonexistent,1.4,93.444,-36.1,4.968,5228.1,yes
36,self-employed,single,professional.course,no,yes,no,telephone,may,mon,113,4,999,0,nonexistent,1.1,93.994,-36.4,4.857,5191,no
27,technician,single,professional.course,no,no,no,telephone,may,tue,148,1,999,0,nonexistent,1.1,93.994,-36.4,4.857,5191,yes
34,bluecollar,married,basic.9y,no,yes,no,cellular,apr,mon,151,2,999,0,nonexistent,-1.8,93.075,-47.1,1.405,5099.1,no
42,services,married,high.school,no,yes,yes,telephone,apr,fri,73,1,999,1,failure,-1.8,93.075,-47.1,1.405,5099.1,yes
37,bluecollar,married,basic.9y,unknown,yes,no,cellular,jul,thu,117,1,999,0,nonexistent,1.4,93.918,-42.7,4.958,5228.1,no
41,bluecollar,married,basic.9y,unknown,no,no,telephone,jun,thu,142,2,999,0,nonexistent,1.4,94.465,-41.8,4.866,5228.1,yes
51,bluecollar,married,basic.9y,unknown,yes,no,cellular,nov,tue,62,1,999,0,nonexistent,-0.1,93.2,-42,4.153,5195.8,no
27,admin,married,high.school,unknown,no,no,cellular,jul,thu,84,3,999,0,nonexistent,1.4,93.918,-42.7,4.968,5228.1,yes
35,admin,single,university.degree,no,yes,no,cellular,jul,fri,199,1,999,0,nonexistent,1.4,93.918,-42.7,4.957,5228.1,no
31,services,divorced,high.school,no,yes,yes,cellular,nov,mon,90,1,999,0,nonexistent,-0.1,93.2,-42,4.191,5195.8,yes
31,bluecollar,single,basic.9y,no,yes,no,telephone,sep,mon,5,1,999,0,nonexistent,-1.1,94.199,-37.5,0.879,4963.6,no
31,bluecollar,married,basic.9y,no,no,no,telephone,jul,tue,280,6,999,0,nonexistent,1.4,93.918,-42.7,4.961,5228.1,yes
64,unknown,married,unknown,no,yes,no,telephone,aug,fri,239,4,999,0,nonexistent,-1.7,94.027,-38.3,0.905,4991.6,no
33,management,married,university.degree,no,yes,no,cellular,may,tue,35,6,999,0,nonexistent,-1.8,92.893,-46.2,1.344,5099.1,yes
41,bluecollar,married,basic.4y,unknown,yes,no,cellular,apr,fri,150,2,999,1,failure,-1.8,93.075,-47.1,1.405,5099.1,no
34,admin,single,high.school,no,no,no,telephone,jun,tue,423,1,999,0,nonexistent,1.4,94.465,-41.8,4.961,5228.1,yes
41,admin,married,basic.9y,no,yes,no,cellular,nov,wed,135,1,999,0,nonexistent,-0.1,93.2,-42,4.12,5195.8,no
36,bluecollar,married,basic.6y,no,yes,no,cellular,nov,wed,70,1,999,0,nonexistent,-0.1,93.2,-42,4.12,5195.8,yes
59,retired,married,professional.course,unknown,yes,no,telephone,jun,wed,59,8,999,0,nonexistent,1.4,94.465,-41.8,4.959,5228.1,no
56,management,married,basic.9y,no,yes,no,telephone,jun,tue,941,3,999,0,nonexistent,1.4,94.465,-41.8,4.864,5228.1,yes
59,retired,married,professional.course,no,no,no,telephone,may,thu,422,3,999,0,nonexistent,1.1,93.994,-36.4,4.86,5191,no
32,admin,single,university.degree,no,unknown,unknown,cellular,nov,fri,59,1,999,0,nonexistent,-0.1,93.2,-42,4.021,5195.8,yes
40,technician,married,basic.9y,no,yes,no,telephone,may,tue,34,3,999,0,nonexistent,1.1,93.994,-36.4,4.857,5191,no
38,admin,married,university.degree,no,yes,no,cellular,nov,tue,64,1,3,3,success,-3.4,92.649,-30.1,0.715,5017.5,yes
34,admin,married,professional.course,no,yes,no,telephone,may,tue,248,2,999,0,nonexistent,1.1,93.994,-36.4,4.856,5191,no
41,unknown,married,unknown,no,no,no,cellular,aug,mon,258,2,999,0,nonexistent,1.4,93.444,-36.1,4.97,5228.1,yes
33,admin,single,high.school,no,no,no,cellular,jul,mon,31,1,999,0,nonexistent,1.4,93.918,-42.7,4.96,5228.1,no
31,technician,single,high.school,no,yes,yes,cellular,aug,wed,113,2,999,0,nonexistent,1.4,93.444,-36.1,4.967,5228.1,yes
29,bluecollar,divorced,basic.9y,no,yes,no,cellular,may,wed,168,4,999,1,failure,-1.8,92.893,-46.2,1.281,5099.1,no
38,admin,single,basic.9y,unknown,yes,no,telephone,jun,wed,247,5,999,0,nonexistent,1.4,94.465,-41.8,4.962,5228.1,yes
24,admin,single,high.school,no,yes,yes,cellular,mar,wed,224,1,999,0,nonexistent,-1.8,92.843,-50,1.602,5099.1,no
34,admin,single,basic.6y,no,no,no,cellular,may,thu,22,11,999,0,nonexistent,-1.8,92.893,-46.2,1.327,5099.1,yes
27,admin,married,high.school,no,yes,yes,cellular,may,thu,201,1,999,0,nonexistent,-1.8,92.893,-46.2,1.266,5099.1,no
32,bluecollar,married,high.school,no,no,no,cellular,may,fri,319,1,999,1,failure,-1.8,92.893,-46.2,1.313,5099.1,yes
49,admin,married,high.school,no,yes,no,cellular,jul,fri,59,2,999,0,nonexistent,1.4,93.918,-42.7,4.963,5228.1,no
36,technician,divorced,basic.9y,no,no,no,telephone,jul,wed,372,1,999,0,nonexistent,1.4,93.918,-42.7,4.962,5228.1,yes
46,bluecollar,single,basic.9y,unknown,yes,no,cellular,jul,thu,155,1,999,0,nonexistent,1.4,93.918,-42.7,4.963,5228.1,no
47,services,divorced,high.school,no,yes,no,telephone,may,tue,313,1,999,0,nonexistent,1.1,93.994,-36.4,4.857,5191,yes
37,services,married,high.school,unknown,yes,yes,telephone,may,thu,73,3,999,0,nonexistent,1.1,93.994,-36.4,4.86,5191,no
31,services,married,high.school,no,unknown,unknown,cellular,may,thu,582,2,999,1,failure,-1.8,92.893,-46.2,1.327,5099.1,yes
36,technician,married,university.degree,no,yes,yes,telephone,may,tue,232,4,999,0,nonexistent,1.1,93.994,-36.4,4.856,5191,no
30,technician,single,university.degree,no,yes,no,cellular,sep,fri,173,2,15,4,failure,-1.1,94.199,-37.5,0.879,4963.6,yes
32,entrepreneur,married,high.school,no,yes,no,cellular,nov,wed,100,1,999,1,failure,-0.1,93.2,-42,4.12,5195.8,no
54,management,married,university.degree,no,yes,no,cellular,jun,wed,42,1,999,0,nonexistent,-2.9,92.963,-40.8,1.26,5076.2,yes
51,bluecollar,married,basic.9y,no,no,yes,telephone,may,fri,653,1,999,0,nonexistent,1.1,93.994,-36.4,4.855,5191,no
28,technician,divorced,university.degree,no,yes,no,cellular,jul,wed,136,1,999,0,nonexistent,1.4,93.918,-42.7,4.962,5228.1,yes
54,management,married,university.degree,no,no,no,cellular,may,mon,397,1,999,1,failure,-1.8,92.893,-46.2,1.264,5099.1,no
31,admin,married,high.school,unknown,yes,no,telephone,may,tue,101,13,999,0,nonexistent,1.1,93.994,-36.4,4.856,5191,yes
57,admin,married,basic.6y,no,no,no,cellular,may,fri,259,1,999,1,failure,-1.8,92.893,-46.2,1.259,5099.1,no
49,unemployed,married,professional.course,no,no,no,cellular,jun,fri,317,1,999,0,nonexistent,-2.9,92.963,-40.8,1.268,5076.2,yes
45,bluecollar,married,basic.6y,unknown,yes,no,telephone,may,wed,157,3,999,0,nonexistent,1.1,93.994,-36.4,4.857,5191,no
33,management,married,university.degree,unknown,yes,yes,cellular,apr,tue,258,8,999,0,nonexistent,-1.8,93.075,-47.1,1.423,5099.1,yes
53,services,married,university.degree,no,no,no,cellular,may,fri,136,1,999,1,failure,-1.8,92.893,-46.2,1.25,5099.1,no
26,student,single,basic.9y,no,yes,no,cellular,mar,mon,1447,2,999,0,nonexistent,-1.8,92.843,-50,1.811,5099.1,yes
31,technician,married,university.degree,no,no,no,cellular,aug,thu,56,2,999,0,nonexistent,1.4,93.444,-36.1,4.964,5228.1,no
32,bluecollar,married,basic.9y,no,yes,no,telephone,may,tue,999,3,999,0,nonexistent,1.1,93.994,-36.4,4.856,5191,yes
29,technician,married,high.school,unknown,no,no,cellular,jul,thu,321,1,999,0,nonexistent,1.4,93.918,-42.7,4.958,5228.1,no
31,technician,single,high.school,no,no,no,cellular,aug,tue,191,1,999,0,nonexistent,1.4,93.444,-36.1,4.966,5228.1,yes
29,student,single,unknown,no,no,no,telephone,may,mon,1143,4,999,0,nonexistent,-1.8,92.893,-46.2,1.299,5099.1,no
49,bluecollar,married,basic.9y,unknown,no,yes,telephone,may,wed,667,3,999,0,nonexistent,1.1,93.994,-36.4,4.857,5191,yes
26,admin,single,university.degree,no,yes,yes,cellular,may,tue,15,7,999,0,nonexistent,-1.8,92.893,-46.2,1.291,5099.1,no
43,bluecollar,married,unknown,unknown,no,yes,telephone,may,wed,73,1,999,0,nonexistent,1.1,93.994,-36.4,4.859,5191,yes
56,retired,married,basic.9y,no,yes,yes,telephone,may,wed,71,4,999,0,nonexistent,1.1,93.994,-36.4,4.856,5191,no
29,admin,single,university.degree,no,yes,no,cellular,aug,thu,228,3,999,0,nonexistent,1.4,93.444,-36.1,4.968,5228.1,yes
31,technician,married,basic.9y,no,yes,no,cellular,nov,wed,17,5,999,1,failure,-0.1,93.2,-42,4.12,5195.8,no
50,bluecollar,married,basic.9y,unknown,yes,no,cellular,jul,tue,215,3,999,0,nonexistent,1.4,93.918,-42.7,4.961,5228.1,yes
37,technician,married,professional.course,no,yes,no,telephone,jul,tue,242,6,999,0,nonexistent,1.4,93.918,-42.7,4.955,5228.1,no
42,bluecollar,married,basic.4y,unknown,yes,yes,telephone,may,mon,105,1,999,0,nonexistent,1.1,93.994,-36.4,4.857,5191,yes
30,services,married,basic.9y,unknown,yes,no,cellular,nov,mon,209,1,999,0,nonexistent,-0.1,93.2,-42,4.191,5195.8,no
25,bluecollar,married,basic.6y,unknown,yes,no,cellular,jul,thu,59,3,999,0,nonexistent,1.4,93.918,-42.7,4.958,5228.1,yes
35,self-employed,single,university.degree,no,no,yes,cellular,nov,wed,197,1,3,1,success,-0.1,93.2,-42,4.12,5195.8,no
37,entrepreneur,married,high.school,unknown,no,no,cellular,nov,thu,68,1,999,1,failure,-0.1,93.2,-42,4.076,5195.8,yes
30,entrepreneur,married,high.school,no,yes,no,cellular,nov,wed,164,3,999,0,nonexistent,-0.1,93.2,-42,4.12,5195.8,no
33,bluecollar,married,basic.6y,unknown,yes,yes,telephone,may,fri,1132,2,999,0,nonexistent,1.1,93.994,-36.4,4.855,5191,yes
36,technician,married,university.degree,no,no,no,telephone,may,wed,146,2,999,0,nonexistent,1.1,93.994,-36.4,4.857,5191,no
46,services,married,high.school,no,no,no,telephone,may,tue,60,3,999,0,nonexistent,1.1,93.994,-36.4,4.857,5191,yes
51,unemployed,married,basic.6y,no,no,no,cellular,jun,thu,280,2,999,1,failure,-2.9,92.963,-40.8,1.26,5076.2,no
33,technician,single,professional.course,no,yes,no,cellular,aug,tue,396,2,999,0,nonexistent,1.4,93.444,-36.1,4.966,5228.1,yes
26,entrepreneur,married,unknown,no,no,no,telephone,may,fri,194,3,999,0,nonexistent,1.1,93.994,-36.4,4.855,5191,no
40,bluecollar,divorced,high.school,unknown,no,no,telephone,may,thu,155,6,999,0,nonexistent,1.1,93.994,-36.4,4.86,5191,yes
25,bluecollar,single,high.school,no,no,no,cellular,may,fri,1068,3,999,0,nonexistent,-1.8,92.893,-46.2,1.25,5099.1,no
38,management,married,basic.9y,unknown,no,no,telephone,may,fri,772,1,999,0,nonexistent,1.1,93.994,-36.4,4.855,5191,yes
54,admin,single,university.degree,no,no,no,cellular,may,mon,337,1,999,0,nonexistent,-1.8,92.893,-46.2,1.264,5099.1,no
50,admin,married,basic.6y,no,yes,no,cellular,jul,wed,137,1,999,0,nonexistent,1.4,93.918,-42.7,4.963,5228.1,yes
36,management,married,university.degree,no,yes,no,cellular,may,mon,7,6,999,0,nonexistent,-1.8,92.893,-46.2,1.354,5099.1,no
43,admin,single,university.degree,no,yes,no,cellular,aug,fri,213,2,999,0,nonexistent,1.4,93.444,-36.1,4.963,5228.1,yes
57,management,divorced,university.degree,unknown,no,no,cellular,apr,mon,322,2,999,0,nonexistent,-1.8,93.075,-47.1,1.405,5099.1,no
38,bluecollar,married,basic.4y,no,no,no,cellular,may,wed,161,1,999,1,failure,-1.8,92.893,-46.2,1.334,5099.1,yes
27,admin,single,high.school,no,yes,no,telephone,may,fri,137,2,999,0,nonexistent,1.1,93.994,-36.4,4.855,5191,no
35,management,married,university.degree,no,yes,no,cellular,nov,wed,400,1,999,0,nonexistent,-0.1,93.2,-42,4.12,5195.8,yes
28,technician,single,high.school,no,yes,no,cellular,jul,tue,124,2,999,0,nonexistent,1.4,93.918,-42.7,4.961,5228.1,no
57,admin,married,university.degree,unknown,yes,no,cellular,aug,fri,161,1,999,0,nonexistent,1.4,93.444,-36.1,4.966,5228.1,yes
40,bluecollar,married,basic.4y,unknown,no,no,cellular,nov,thu,22,5,999,0,nonexistent,-0.1,93.2,-42,4.076,5195.8,no
43,bluecollar,married,basic.6y,no,no,yes,cellular,jul,tue,197,2,999,0,nonexistent,1.4,93.918,-42.7,4.961,5228.1,yes
34,technician,divorced,professional.course,no,yes,no,cellular,apr,fri,122,1,999,1,failure,-1.8,93.075,-47.1,1.405,5099.1,no
67,retired,married,unknown,no,no,no,cellular,oct,thu,140,2,999,0,nonexistent,-3.4,92.431,-26.9,0.722,5017.5,yes
48,admin,divorced,high.school,no,yes,no,cellular,nov,mon,309,1,999,0,nonexistent,-0.1,93.2,-42,4.191,5195.8,no
35,admin,single,high.school,no,yes,yes,cellular,may,tue,200,4,999,1,failure,-1.8,92.893,-46.2,1.291,5099.1,yes
27,admin,single,university.degree,no,no,no,cellular,may,mon,409,1,1,1,success,-1.8,92.893,-46.2,1.299,5099.1,no
25,admin,single,high.school,no,yes,no,cellular,jul,thu,103,1,999,0,nonexistent,1.4,93.918,-42.7,4.963,5228.1,yes
42,technician,married,professional.course,no,yes,yes,cellular,may,thu,50,2,999,0,nonexistent,-1.8,92.893,-46.2,1.266,5099.1,no
47,admin,divorced,university.degree,no,yes,no,telephone,may,mon,208,2,999,0,nonexistent,1.1,93.994,-36.4,4.857,5191,yes
49,entrepreneur,married,university.degree,no,yes,no,cellular,nov,fri,13,2,999,0,nonexistent,-0.1,93.2,-42,4.021,5195.8,no
36,admin,single,basic.9y,no,yes,no,cellular,may,tue,458,1,999,0,nonexistent,-1.8,92.893,-46.2,1.291,5099.1,yes
35,technician,married,professional.course,no,no,no,telephone,jun,mon,200,3,999,0,nonexistent,1.4,94.465,-41.8,4.865,5228.1,no
29,bluecollar,married,basic.4y,no,yes,no,cellular,nov,mon,127,1,999,0,nonexistent,-0.1,93.2,-42,4.191,5195.8,yes
45,technician,married,professional.course,unknown,no,no,telephone,jun,fri,124,3,999,0,nonexistent,1.4,94.465,-41.8,4.967,5228.1,no
53,bluecollar,married,basic.6y,no,yes,no,telephone,may,fri,95,1,999,0,nonexistent,1.1,93.994,-36.4,4.859,5191,yes
41,admin,married,university.degree,no,no,yes,cellular,aug,mon,114,3,999,0,nonexistent,1.4,93.444,-36.1,4.965,5228.1,no
50,management,married,high.school,unknown,no,no,telephone,jun,mon,65,17,999,0,nonexistent,1.4,94.465,-41.8,4.961,5228.1,yes
31,management,married,basic.9y,no,no,yes,telephone,may,wed,161,2,999,0,nonexistent,1.1,93.994,-36.4,4.858,5191,no
46,services,married,high.school,no,no,no,cellular,may,wed,174,3,999,0,nonexistent,-1.8,92.893,-46.2,1.334,5099.1,yes
36,bluecollar,married,high.school,unknown,no,no,telephone,may,wed,713,4,999,0,nonexistent,1.1,93.994,-36.4,4.858,5191,no
43,bluecollar,single,professional.course,no,no,no,telephone,jun,thu,133,1,999,0,nonexistent,1.4,94.465,-41.8,4.866,5228.1,yes
48,entrepreneur,married,basic.9y,unknown,yes,no,telephone,may,tue,201,1,999,0,nonexistent,1.1,93.994,-36.4,4.856,5191,no
31,services,married,high.school,no,unknown,unknown,cellular,may,thu,215,2,999,1,failure,-1.8,92.893,-46.2,1.327,5099.1,yes
21,services,single,high.school,no,yes,yes,cellular,apr,thu,820,2,999,0,nonexistent,-1.8,93.075,-47.1,1.435,5099.1,no
56,services,married,high.school,unknown,no,no,cellular,may,fri,310,1,999,0,nonexistent,-1.8,92.893,-46.2,1.25,5099.1,yes
54,management,married,basic.6y,no,no,no,telephone,jun,wed,255,3,999,0,nonexistent,1.4,94.465,-41.8,4.962,5228.1,no
44,services,married,high.school,unknown,no,no,cellular,nov,tue,43,2,999,0,nonexistent,-0.1,93.2,-42,4.153,5195.8,yes
31,unemployed,married,university.degree,no,no,no,cellular,aug,tue,91,1,999,0,nonexistent,1.4,93.444,-36.1,4.963,5228.1,no
50,admin,married,university.degree,no,no,no,cellular,aug,tue,587,2,999,1,failure,-2.9,92.201,-31.4,0.859,5076.2,yes
48,admin,married,university.degree,no,yes,yes,cellular,aug,wed,288,1,0,3,success,-1.7,94.027,-38.3,0.9,4991.6,no
26,self-employed,single,university.degree,no,yes,no,cellular,jun,wed,181,2,999,0,nonexistent,-2.9,92.963,-40.8,1.244,5076.2,yes
37,services,single,basic.9y,no,yes,no,telephone,may,fri,320,2,999,0,nonexistent,1.1,93.994,-36.4,4.859,5191,no
37,unemployed,unknown,university.degree,no,no,no,cellular,jun,tue,100,1,999,0,nonexistent,-2.9,92.963,-40.8,1.262,5076.2,yes
50,services,married,unknown,unknown,no,no,telephone,may,tue,144,1,999,0,nonexistent,1.1,93.994,-36.4,4.856,5191,no
47,admin,married,university.degree,no,yes,no,cellular,aug,tue,653,5,999,0,nonexistent,1.4,93.444,-36.1,4.965,5228.1,yes
41,bluecollar,single,basic.9y,no,no,no,cellular,may,wed,128,1,999,0,nonexistent,-1.8,92.893,-46.2,1.334,5099.1,no
32,bluecollar,single,basic.9y,no,yes,no,telephone,jun,mon,22,17,999,0,nonexistent,1.4,94.465,-41.8,4.961,5228.1,yes
38,services,married,basic.9y,no,no,yes,telephone,jun,fri,177,2,999,0,nonexistent,-2.9,92.963,-40.8,1.224,5076.2,no
48,technician,married,professional.course,no,no,no,cellular,jul,tue,288,1,999,1,failure,-1.7,94.215,-40.3,0.876,4991.6,yes
46,bluecollar,married,basic.4y,unknown,yes,no,telephone,may,tue,566,2,999,0,nonexistent,1.1,93.994,-36.4,4.856,5191,no
48,self-employed,married,basic.9y,unknown,yes,no,telephone,may,tue,318,2,999,0,nonexistent,1.1,93.994,-36.4,4.856,5191,yes
38,unknown,divorced,high.school,unknown,yes,no,telephone,may,wed,107,3,999,0,nonexistent,1.1,93.994,-36.4,4.857,5191,no
38,admin,married,university.degree,no,yes,no,cellular,aug,tue,748,2,999,0,nonexistent,1.4,93.444,-36.1,4.965,5228.1,yes
55,retired,married,basic.4y,unknown,no,yes,cellular,jul,tue,599,4,999,0,nonexistent,1.4,93.918,-42.7,4.961,5228.1,no
27,admin,married,high.school,no,yes,yes,cellular,jul,mon,101,3,999,0,nonexistent,1.4,93.918,-42.7,4.962,5228.1,yes
28,services,married,high.school,no,yes,no,cellular,nov,wed,223,3,999,2,failure,-1.1,94.767,-50.8,1.048,4963.6,no
29,bluecollar,single,basic.9y,no,no,no,telephone,jun,mon,411,1,999,0,nonexistent,1.4,94.465,-41.8,4.961,5228.1,yes
47,services,divorced,basic.4y,no,no,no,cellular,jul,tue,149,2,999,0,nonexistent,1.4,93.918,-42.7,4.961,5228.1,no
34,student,single,basic.4y,unknown,yes,no,telephone,may,thu,1185,3,999,0,nonexistent,1.1,93.994,-36.4,4.86,5191,yes
51,services,divorced,high.school,unknown,no,no,cellular,may,tue,398,2,999,1,failure,-1.8,92.893,-46.2,1.344,5099.1,no
40,admin,divorced,university.degree,no,yes,yes,cellular,aug,wed,65,1,999,0,nonexistent,1.4,93.444,-36.1,4.967,5228.1,yes
38,admin,married,high.school,no,yes,no,telephone,jun,mon,169,1,999,0,nonexistent,1.4,94.465,-41.8,4.865,5228.1,no
42,bluecollar,married,basic.4y,no,no,no,cellular,may,mon,212,1,999,0,nonexistent,-1.8,92.893,-46.2,1.299,5099.1,yes
30,unemployed,single,university.degree,no,yes,yes,cellular,jul,wed,266,3,999,0,nonexistent,1.4,93.918,-42.7,4.963,5228.1,no
36,services,married,high.school,unknown,no,no,telephone,may,mon,427,1,999,0,nonexistent,1.1,93.994,-36.4,4.857,5191,yes
33,admin,single,high.school,no,no,yes,telephone,jun,wed,113,1,999,0,nonexistent,1.4,94.465,-41.8,4.962,5228.1,no
47,management,married,university.degree,no,no,no,cellular,apr,mon,51,3,999,0,nonexistent,-1.8,93.075,-47.1,1.405,5099.1,yes
33,admin,married,university.degree,no,yes,no,cellular,sep,thu,272,2,999,0,nonexistent,-1.1,94.199,-37.5,0.878,4963.6,no
30,services,single,basic.9y,no,yes,no,cellular,jul,wed,22,3,999,0,nonexistent,1.4,93.918,-42.7,4.963,5228.1,yes
54,admin,married,high.school,no,no,no,telephone,may,wed,66,2,999,0,nonexistent,1.1,93.994,-36.4,4.858,5191,no
47,admin,married,basic.9y,no,no,no,cellular,nov,thu,164,1,999,0,nonexistent,-0.1,93.2,-42,4.076,5195.8,yes
32,technician,single,university.degree,no,yes,no,cellular,nov,wed,58,1,999,0,nonexistent,-0.1,93.2,-42,4.12,5195.8,no
32,bluecollar,married,basic.9y,no,yes,no,cellular,may,fri,297,2,999,0,nonexistent,-1.8,92.893,-46.2,1.313,5099.1,yes
38,self-employed,married,basic.9y,no,yes,no,telephone,may,wed,26,1,999,2,failure,-1.8,92.893,-46.2,1.281,5099.1,no
38,technician,single,high.school,no,no,no,cellular,aug,wed,74,2,999,0,nonexistent,1.4,93.444,-36.1,4.964,5228.1,yes
38,unknown,married,unknown,no,yes,no,cellular,aug,thu,27,10,999,0,nonexistent,1.4,93.444,-36.1,4.962,5228.1,no
53,bluecollar,married,high.school,no,yes,no,cellular,jul,tue,118,7,999,0,nonexistent,1.4,93.918,-42.7,4.961,5228.1,yes
26,unemployed,single,basic.9y,no,yes,no,telephone,may,tue,112,3,999,0,nonexistent,1.1,93.994,-36.4,4.857,5191,no
27,bluecollar,married,basic.9y,no,unknown,unknown,telephone,may,tue,169,2,999,0,nonexistent,1.1,93.994,-36.4,4.856,5191,yes
38,admin,single,university.degree,no,no,no,cellular,jun,tue,103,1,999,0,nonexistent,-2.9,92.963,-40.8,1.099,5076.2,no
41,services,married,high.school,unknown,yes,no,telephone,may,mon,679,2,999,0,nonexistent,1.1,93.994,-36.4,4.857,5191,yes
39,self-employed,divorced,high.school,no,no,no,cellular,sep,tue,261,1,3,1,success,-3.4,92.379,-29.8,0.788,5017.5,no
48,admin,divorced,high.school,no,no,no,telephone,jul,mon,352,2,999,0,nonexistent,1.4,93.918,-42.7,4.96,5228.1,yes
32,bluecollar,married,basic.6y,no,yes,no,telephone,jun,fri,16,6,999,0,nonexistent,1.4,94.465,-41.8,4.959,5228.1,no
35,bluecollar,married,basic.6y,no,no,no,telephone,may,wed,39,1,999,0,nonexistent,1.1,93.994,-36.4,4.857,5191,yes
51,bluecollar,married,basic.9y,unknown,yes,no,cellular,aug,tue,107,1,999,0,nonexistent,1.4,93.444,-36.1,4.966,5228.1,no
35,admin,single,university.degree,no,yes,no,cellular,may,mon,8,5,999,0,nonexistent,-1.8,92.893,-46.2,1.299,5099.1,yes
60,bluecollar,married,basic.4y,unknown,yes,no,cellular,apr,mon,18,4,999,0,nonexistent,-1.8,93.075,-47.1,1.405,5099.1,no
28,admin,single,university.degree,no,no,yes,cellular,jul,fri,94,2,999,0,nonexistent,1.4,93.918,-42.7,4.963,5228.1,yes
52,management,married,high.school,no,yes,yes,cellular,aug,tue,167,1,10,4,failure,-2.9,92.201,-31.4,0.883,5076.2,no
35,bluecollar,married,basic.9y,no,no,no,telephone,jun,tue,497,2,999,0,nonexistent,1.4,94.465,-41.8,4.864,5228.1,yes
27,admin,single,university.degree,no,no,no,cellular,may,tue,134,1,3,1,success,-1.8,92.893,-46.2,1.266,5099.1,no
34,technician,married,high.school,no,no,no,cellular,jul,thu,481,1,999,0,nonexistent,1.4,93.918,-42.7,4.963,5228.1,yes
36,bluecollar,married,basic.4y,no,no,yes,cellular,nov,wed,217,1,999,0,nonexistent,-0.1,93.2,-42,4.12,5195.8,no
28,bluecollar,married,basic.9y,unknown,no,no,telephone,may,thu,140,1,999,0,nonexistent,1.1,93.994,-36.4,4.86,5191,yes
32,admin,married,university.degree,no,yes,yes,telephone,may,mon,175,1,999,0,nonexistent,1.1,93.994,-36.4,4.857,5191,no
49,bluecollar,divorced,basic.6y,unknown,no,no,cellular,jul,mon,1065,3,999,0,nonexistent,1.4,93.918,-42.7,4.962,5228.1,yes
55,admin,married,basic.9y,no,yes,yes,cellular,nov,thu,430,2,999,0,nonexistent,-0.1,93.2,-42,4.076,5195.8,no
50,technician,married,high.school,no,yes,no,cellular,dec,mon,229,1,999,1,failure,-3,92.713,-33,0.717,5023.5,yes
37,admin,single,university.degree,no,no,no,cellular,may,wed,51,4,999,0,nonexistent,-1.8,92.893,-46.2,1.334,5099.1,no
35,bluecollar,divorced,basic.9y,no,unknown,unknown,telephone,jun,mon,276,3,999,0,nonexistent,1.4,94.465,-41.8,4.96,5228.1,yes
58,unknown,married,basic.9y,no,yes,no,cellular,dec,thu,154,1,999,1,failure,-3,92.713,-33,0.72,5023.5,no
32,entrepreneur,married,university.degree,no,no,no,cellular,aug,mon,95,5,999,0,nonexistent,1.4,93.444,-36.1,4.965,5228.1,yes
35,retired,single,basic.9y,unknown,yes,yes,telephone,may,mon,145,1,999,0,nonexistent,1.1,93.994,-36.4,4.857,5191,no
35,technician,single,professional.course,no,yes,no,cellular,may,mon,213,4,999,0,nonexistent,-1.8,92.893,-46.2,1.244,5099.1,yes
26,admin,single,high.school,unknown,no,no,cellular,may,thu,136,3,999,0,nonexistent,-1.8,92.893,-46.2,1.266,5099.1,no
47,bluecollar,married,professional.course,no,yes,no,cellular,apr,tue,225,4,999,1,failure,-1.8,93.075,-47.1,1.423,5099.1,yes
29,bluecollar,single,basic.9y,no,no,no,cellular,may,wed,68,1,999,0,nonexistent,-1.8,92.893,-46.2,1.281,5099.1,no
37,entrepreneur,single,basic.9y,no,yes,no,cellular,may,tue,222,1,2,1,success,-1.8,92.893,-46.2,1.266,5099.1,yes
32,technician,single,high.school,no,no,no,telephone,jul,wed,239,11,999,0,nonexistent,1.4,93.918,-42.7,4.963,5228.1,no
46,services,married,high.school,no,yes,no,cellular,jul,mon,181,2,999,0,nonexistent,1.4,93.918,-42.7,4.96,5228.1,yes
36,services,married,high.school,no,no,yes,telephone,may,wed,166,5,999,0,nonexistent,1.1,93.994,-36.4,4.859,5191,no
35,admin,married,university.degree,no,no,no,cellular,jun,thu,121,4,999,0,nonexistent,-2.9,92.963,-40.8,1.26,5076.2,yes
31,self-employed,married,university.degree,no,yes,no,cellular,jul,tue,242,2,999,0,nonexistent,1.4,93.918,-42.7,4.962,5228.1,no
29,admin,single,university.degree,no,no,no,cellular,aug,mon,716,2,999,0,nonexistent,1.4,93.444,-36.1,4.965,5228.1,yes
46,housemaid,married,basic.4y,unknown,no,no,cellular,jul,fri,550,2,999,0,nonexistent,1.4,93.918,-42.7,4.963,5228.1,no
85,housemaid,divorced,basic.4y,unknown,yes,no,telephone,oct,fri,181,2,999,0,nonexistent,-3.4,92.431,-26.9,0.739,5017.5,yes
29,technician,single,basic.9y,no,no,no,cellular,may,thu,20,1,999,0,nonexistent,-1.8,92.893,-46.2,1.266,5099.1,no
31,management,single,university.degree,no,yes,no,cellular,may,thu,165,2,999,0,nonexistent,-1.8,92.893,-46.2,1.266,5099.1,yes
34,bluecollar,married,basic.4y,no,yes,no,cellular,jul,thu,54,1,999,0,nonexistent,1.4,93.918,-42.7,4.958,5228.1,no
29,technician,single,professional.course,no,yes,yes,cellular,nov,fri,215,1,999,0,nonexistent,-0.1,93.2,-42,4.021,5195.8,yes
46,admin,single,university.degree,no,yes,yes,cellular,jul,tue,62,7,999,0,nonexistent,1.4,93.918,-42.7,4.961,5228.1,no
29,bluecollar,divorced,high.school,no,no,no,cellular,may,fri,760,1,999,0,nonexistent,-1.8,92.893,-46.2,1.25,5099.1,yes
54,bluecollar,single,basic.4y,no,no,no,telephone,may,thu,253,3,999,0,nonexistent,1.1,93.994,-36.4,4.86,5191,no
26,management,single,university.degree,no,yes,no,cellular,nov,mon,112,5,999,0,nonexistent,-1.1,94.767,-50.8,1.039,4963.6,yes
27,admin,married,professional.course,no,yes,no,cellular,may,thu,143,1,999,0,nonexistent,-1.8,92.893,-46.2,1.266,5099.1,no
57,management,married,basic.4y,unknown,yes,no,cellular,may,fri,10,5,999,1,failure,-1.8,92.893,-46.2,1.25,5099.1,yes
32,technician,single,university.degree,no,yes,no,cellular,aug,wed,158,5,999,0,nonexistent,1.4,93.444,-36.1,4.965,5228.1,no
35,services,married,high.school,no,yes,no,telephone,may,tue,87,1,999,0,nonexistent,1.1,93.994,-36.4,4.856,5191,yes
32,bluecollar,single,high.school,no,unknown,unknown,cellular,nov,wed,77,2,999,0,nonexistent,-0.1,93.2,-42,4.12,5195.8,no
59,retired,married,basic.9y,no,no,no,cellular,jul,mon,551,4,999,0,nonexistent,1.4,93.918,-42.7,4.962,5228.1,yes
29,bluecollar,married,basic.9y,no,yes,no,cellular,may,thu,193,1,999,0,nonexistent,-1.8,92.893,-46.2,1.327,5099.1,no
37,admin,married,high.school,no,no,yes,telephone,may,thu,155,1,999,0,nonexistent,1.1,93.994,-36.4,4.86,5191,yes
40,admin,married,high.school,unknown,no,no,telephone,jun,tue,675,5,999,0,nonexistent,1.4,94.465,-41.8,4.961,5228.1,no
55,admin,married,professional.course,no,yes,yes,cellular,aug,tue,482,1,999,0,nonexistent,1.4,93.444,-36.1,4.968,5228.1,yes
33,housemaid,single,university.degree,unknown,yes,no,cellular,aug,wed,46,3,999,0,nonexistent,1.4,93.444,-36.1,4.967,5228.1,no
36,admin,single,high.school,no,no,no,cellular,apr,fri,193,3,999,0,nonexistent,-1.8,93.075,-47.1,1.405,5099.1,yes
59,admin,married,high.school,no,no,no,telephone,jun,mon,204,4,999,0,nonexistent,1.4,94.465,-41.8,4.96,5228.1,no
34,bluecollar,single,basic.9y,no,no,no,cellular,may,thu,484,3,999,0,nonexistent,-1.8,92.893,-46.2,1.266,5099.1,yes
30,self-employed,married,professional.course,no,no,no,cellular,may,tue,34,2,999,1,failure,-1.8,92.893,-46.2,1.291,5099.1,no
29,admin,married,high.school,no,no,no,cellular,jul,thu,48,7,999,0,nonexistent,1.4,93.918,-42.7,4.958,5228.1,yes
34,bluecollar,single,basic.9y,no,no,no,cellular,may,mon,281,2,999,1,failure,-1.8,92.893,-46.2,1.299,5099.1,no
47,bluecollar,single,basic.4y,unknown,yes,no,telephone,may,wed,162,1,999,0,nonexistent,1.1,93.994,-36.4,4.856,5191,yes
41,entrepreneur,married,basic.4y,no,yes,no,telephone,jul,fri,89,2,999,0,nonexistent,1.4,93.918,-42.7,4.959,5228.1,no
30,admin,single,university.degree,no,yes,no,cellular,jun,wed,107,1,999,0,nonexistent,-2.9,92.963,-40.8,1.26,5076.2,yes
33,admin,married,high.school,unknown,yes,no,cellular,aug,tue,68,1,999,0,nonexistent,1.4,93.444,-36.1,4.963,5228.1,no
33,unemployed,single,unknown,no,no,no,cellular,jul,tue,211,6,999,0,nonexistent,1.4,93.918,-42.7,4.961,5228.1,yes
33,services,married,high.school,no,unknown,unknown,cellular,may,fri,333,1,999,1,failure,-1.8,92.893,-46.2,1.25,5099.1,no
59,retired,married,basic.4y,no,yes,yes,cellular,aug,thu,265,1,999,0,nonexistent,1.4,93.444,-36.1,4.964,5228.1,yes
29,services,married,basic.9y,no,yes,no,telephone,may,wed,94,3,999,0,nonexistent,1.1,93.994,-36.4,4.857,5191,no
36,admin,married,high.school,no,no,no,telephone,may,tue,369,1,999,0,nonexistent,1.1,93.994,-36.4,4.856,5191,yes
41,admin,single,unknown,unknown,yes,no,cellular,apr,fri,464,2,999,0,nonexistent,-1.8,93.075,-47.1,1.405,5099.1,no
55,technician,married,basic.9y,unknown,no,no,telephone,jun,mon,362,1,999,0,nonexistent,1.4,94.465,-41.8,4.865,5228.1,yes
39,entrepreneur,married,professional.course,no,yes,no,cellular,nov,thu,997,2,999,0,nonexistent,-0.1,93.2,-42,4.076,5195.8,no
48,services,married,basic.6y,no,no,no,cellular,jul,wed,69,6,999,0,nonexistent,1.4,93.918,-42.7,4.963,5228.1,yes
56,admin,married,university.degree,no,yes,no,cellular,jul,fri,177,5,999,0,nonexistent,1.4,93.918,-42.7,4.957,5228.1,no
63,technician,married,unknown,no,yes,no,cellular,aug,tue,173,1,999,0,nonexistent,-2.9,92.201,-31.4,0.838,5076.2,yes
50,self-employed,married,basic.9y,unknown,no,no,cellular,may,thu,287,1,999,0,nonexistent,-1.8,92.893,-46.2,1.266,5099.1,no
42,bluecollar,married,basic.6y,unknown,yes,no,telephone,may,mon,454,3,999,0,nonexistent,1.1,93.994,-36.4,4.857,5191,yes
43,unemployed,married,university.degree,unknown,no,no,telephone,jun,mon,114,1,999,0,nonexistent,1.4,94.465,-41.8,4.865,5228.1,no
32,admin,married,university.degree,no,yes,yes,cellular,nov,thu,51,1,999,0,nonexistent,-0.1,93.2,-42,4.076,5195.8,yes
28,bluecollar,single,basic.9y,no,no,no,cellular,apr,mon,218,1,999,0,nonexistent,-1.8,93.075,-47.1,1.392,5099.1,no
26,bluecollar,married,professional.course,no,yes,no,cellular,may,thu,649,2,999,0,nonexistent,-1.8,92.893,-46.2,1.266,5099.1,yes
24,admin,single,high.school,unknown,yes,no,cellular,jul,thu,470,1,999,0,nonexistent,1.4,93.918,-42.7,4.958,5228.1,no
38,bluecollar,divorced,unknown,no,no,no,telephone,jun,fri,278,1,999,0,nonexistent,1.4,94.465,-41.8,4.967,5228.1,yes
30,services,married,high.school,unknown,yes,no,cellular,nov,thu,175,1,999,0,nonexistent,-0.1,93.2,-42,4.076,5195.8,no
29,bluecollar,single,basic.4y,no,yes,no,cellular,may,fri,13,9,999,1,failure,-1.8,92.893,-46.2,1.25,5099.1,yes
56,management,married,university.degree,no,no,no,cellular,jul,tue,442,2,999,0,nonexistent,1.4,93.918,-42.7,4.961,5228.1,no
36,bluecollar,single,basic.9y,no,yes,yes,telephone,jun,thu,762,3,999,0,nonexistent,1.4,94.465,-41.8,4.955,5228.1,yes
33,admin,married,high.school,unknown,yes,no,cellular,jul,tue,88,4,999,0,nonexistent,1.4,93.918,-42.7,4.961,5228.1,no
47,services,married,unknown,no,no,no,telephone,may,wed,262,2,999,0,nonexistent,1.1,93.994,-36.4,4.856,5191,yes
50,housemaid,married,basic.4y,unknown,no,no,telephone,may,mon,287,1,999,0,nonexistent,1.1,93.994,-36.4,4.857,5191,no
41,services,married,basic.9y,no,no,no,telephone,may,tue,335,1,999,0,nonexistent,1.1,93.994,-36.4,4.856,5191,yes
54,entrepreneur,divorced,unknown,no,no,yes,cellular,apr,thu,461,2,999,1,failure,-1.8,93.075,-47.1,1.41,5099.1,no
32,bluecollar,married,basic.9y,no,unknown,unknown,telephone,apr,fri,108,3,999,0,nonexistent,-1.8,93.075,-47.1,1.479,5099.1,yes
38,admin,single,university.degree,no,no,no,telephone,may,tue,189,1,999,0,nonexistent,1.1,93.994,-36.4,4.857,5191,no
34,management,single,high.school,no,yes,yes,cellular,nov,wed,201,2,6,1,success,-0.1,93.2,-42,4.12,5195.8,yes
34,bluecollar,married,basic.9y,no,no,no,cellular,may,tue,192,3,999,0,nonexistent,-1.8,92.893,-46.2,1.291,5099.1,no
55,admin,married,unknown,no,yes,yes,cellular,nov,thu,591,3,999,0,nonexistent,-0.1,93.2,-42,4.076,5195.8,yes
31,self-employed,married,university.degree,no,no,no,cellular,aug,tue,201,2,999,0,nonexistent,1.4,93.444,-36.1,4.966,5228.1,no
43,technician,married,professional.course,no,yes,no,telephone,may,tue,225,1,999,0,nonexistent,1.1,93.994,-36.4,4.857,5191,yes
59,unemployed,married,basic.4y,unknown,yes,no,cellular,jul,thu,458,9,999,0,nonexistent,1.4,93.918,-42.7,4.962,5228.1,no
53,technician,married,university.degree,no,unknown,unknown,cellular,apr,thu,758,2,999,2,failure,-1.8,93.749,-34.6,0.64,5008.7,yes
56,unemployed,married,professional.course,no,no,no,cellular,sep,fri,1551,1,999,2,failure,-3.4,92.379,-29.8,0.762,5017.5,no
32,entrepreneur,married,basic.9y,unknown,yes,no,telephone,jul,tue,258,1,999,0,nonexistent,1.4,93.918,-42.7,4.962,5228.1,yes
36,bluecollar,married,basic.9y,unknown,yes,no,cellular,jul,thu,159,3,999,0,nonexistent,1.4,93.918,-42.7,4.958,5228.1,no
42,bluecollar,married,basic.9y,no,no,no,telephone,may,wed,92,5,999,0,nonexistent,1.1,93.994,-36.4,4.857,5191,yes
29,admin,married,university.degree,no,yes,no,cellular,aug,mon,209,2,999,0,nonexistent,1.4,93.444,-36.1,4.965,5228.1,no
33,services,married,high.school,unknown,no,no,cellular,nov,thu,117,6,999,0,nonexistent,-0.1,93.2,-42,4.076,5195.8,yes
56,technician,married,unknown,no,no,no,telephone,jun,fri,49,2,999,0,nonexistent,1.4,94.465,-41.8,4.967,5228.1,no
31,entrepreneur,divorced,high.school,no,yes,no,telephone,may,tue,168,1,999,0,nonexistent,1.1,93.994,-36.4,4.857,5191,yes
34,management,married,high.school,no,yes,no,cellular,nov,wed,228,3,999,0,nonexistent,-0.1,93.2,-42,4.12,5195.8,no
33,bluecollar,married,basic.4y,no,yes,no,telephone,jun,fri,78,7,999,0,nonexistent,1.4,94.465,-41.8,4.959,5228.1,yes
23,housemaid,single,basic.4y,no,no,yes,cellular,may,thu,9,6,999,0,nonexistent,-1.8,92.893,-46.2,1.266,5099.1,no
26,services,single,high.school,unknown,yes,yes,telephone,jul,fri,11,3,999,0,nonexistent,1.4,93.918,-42.7,4.957,5228.1,yes
55,management,married,university.degree,no,no,no,cellular,aug,mon,106,6,999,0,nonexistent,1.4,93.444,-36.1,4.965,5228.1,no
47,services,divorced,basic.4y,no,yes,no,telephone,jun,fri,60,6,999,0,nonexistent,1.4,94.465,-41.8,4.959,5228.1,yes
36,bluecollar,married,professional.course,unknown,yes,no,telephone,jun,fri,324,5,999,0,nonexistent,1.4,94.465,-41.8,4.959,5228.1,no
33,bluecollar,married,basic.6y,unknown,yes,yes,telephone,may,thu,369,2,999,0,nonexistent,1.1,93.994,-36.4,4.855,5191,yes
60,retired,married,basic.4y,unknown,yes,no,telephone,may,fri,557,2,999,0,nonexistent,1.1,93.994,-36.4,4.857,5191,no
49,entrepreneur,married,university.degree,no,yes,no,telephone,may,fri,142,2,999,0,nonexistent,1.1,93.994,-36.4,4.864,5191,yes
35,admin,married,high.school,unknown,unknown,unknown,telephone,may,wed,35,1,999,0,nonexistent,1.1,93.994,-36.4,4.859,5191,no
47,admin,divorced,high.school,no,no,no,cellular,jul,mon,480,1,999,0,nonexistent,1.4,93.918,-42.7,4.96,5228.1,yes
30,bluecollar,single,basic.9y,no,no,no,telephone,may,wed,207,1,999,0,nonexistent,1.1,93.994,-36.4,4.857,5191,no
27,bluecollar,single,basic.9y,no,no,yes,telephone,jun,thu,869,2,999,0,nonexistent,1.4,94.465,-41.8,4.866,5228.1,yes
36,admin,single,high.school,no,no,no,cellular,jul,tue,259,1,999,0,nonexistent,1.4,93.918,-42.7,4.961,5228.1,no
46,services,divorced,high.school,no,no,no,cellular,may,mon,222,3,999,0,nonexistent,-1.8,92.893,-46.2,1.299,5099.1,yes
30,entrepreneur,divorced,basic.6y,no,no,yes,cellular,may,thu,149,1,999,1,failure,-1.8,92.893,-46.2,1.327,5099.1,no
88,retired,divorced,basic.4y,no,yes,yes,cellular,mar,wed,82,2,999,0,nonexistent,-1.8,92.843,-50,1.663,5099.1,yes
45,services,divorced,high.school,unknown,no,no,telephone,may,mon,166,12,999,0,nonexistent,1.1,93.994,-36.4,4.857,5191,no
30,admin,married,university.degree,no,yes,yes,cellular,apr,thu,82,6,999,0,nonexistent,-1.8,93.075,-47.1,1.483,5099.1,yes
43,technician,single,basic.9y,no,yes,no,telephone,jun,fri,461,2,999,0,nonexistent,1.4,94.465,-41.8,4.967,5228.1,no
48,retired,married,basic.4y,unknown,yes,yes,telephone,jul,mon,27,17,999,0,nonexistent,1.4,93.918,-42.7,4.962,5228.1,yes
56,unemployed,divorced,university.degree,unknown,yes,no,telephone,may,fri,98,1,999,0,nonexistent,1.1,93.994,-36.4,4.857,5191,no
42,technician,single,high.school,unknown,yes,no,telephone,may,wed,617,1,999,0,nonexistent,1.1,93.994,-36.4,4.857,5191,yes
30,technician,single,university.degree,no,yes,yes,cellular,jul,wed,63,1,999,0,nonexistent,1.4,93.918,-42.7,4.962,5228.1,no
56,housemaid,divorced,basic.4y,unknown,yes,no,telephone,jun,tue,77,5,999,0,nonexistent,1.4,94.465,-41.8,4.961,5228.1,yes
35,technician,married,high.school,no,unknown,unknown,cellular,aug,fri,61,2,999,0,nonexistent,1.4,93.444,-36.1,4.963,5228.1,no
39,services,single,high.school,unknown,no,no,telephone,may,thu,206,1,999,0,nonexistent,1.1,93.994,-36.4,4.86,5191,yes
49,unemployed,married,high.school,no,yes,no,telephone,may,mon,96,1,999,0,nonexistent,-1.8,92.893,-46.2,1.354,5099.1,no
30,admin,married,university.degree,no,yes,no,cellular,may,fri,129,2,999,1,failure,-1.8,92.893,-46.2,1.313,5099.1,yes
39,admin,married,university.degree,no,no,no,telephone,jun,tue,979,9,999,0,nonexistent,1.4,94.465,-41.8,4.961,5228.1,no
32,technician,single,university.degree,no,yes,no,telephone,jul,thu,119,2,999,0,nonexistent,1.4,93.918,-42.7,4.962,5228.1,yes
59,admin,divorced,high.school,unknown,no,yes,cellular,jul,mon,630,3,999,0,nonexistent,1.4,93.918,-42.7,4.962,5228.1,no
38,technician,married,high.school,no,unknown,unknown,cellular,aug,tue,234,1,999,0,nonexistent,1.4,93.444,-36.1,4.966,5228.1,yes
49,technician,married,professional.course,no,yes,no,cellular,jul,fri,354,1,999,0,nonexistent,1.4,93.918,-42.7,4.957,5228.1,no
28,admin,married,high.school,no,unknown,unknown,cellular,jul,tue,502,3,999,0,nonexistent,1.4,93.918,-42.7,4.961,5228.1,yes
39,technician,married,high.school,no,yes,no,cellular,may,tue,451,4,3,1,success,-1.8,92.893,-46.2,1.291,5099.1,no
37,bluecollar,married,basic.6y,no,unknown,unknown,cellular,oct,fri,93,1,999,0,nonexistent,-3.4,92.431,-26.9,0.73,5017.5,yes
51,services,married,basic.9y,no,yes,no,telephone,jun,fri,250,3,999,0,nonexistent,1.4,94.465,-41.8,4.959,5228.1,no
31,bluecollar,married,basic.4y,unknown,no,yes,telephone,may,fri,241,1,999,0,nonexistent,1.1,93.994,-36.4,4.859,5191,yes
59,technician,divorced,basic.9y,no,yes,no,cellular,jul,wed,142,1,999,0,nonexistent,1.4,93.918,-42.7,4.963,5228.1,no
46,admin,divorced,university.degree,no,yes,no,telephone,may,tue,304,2,999,0,nonexistent,1.1,93.994,-36.4,4.857,5191,yes
36,bluecollar,married,basic.9y,unknown,no,no,telephone,may,tue,296,1,999,0,nonexistent,1.1,93.994,-36.4,4.856,5191,no
28,management,single,university.degree,no,no,no,telephone,jun,thu,651,5,999,0,nonexistent,1.4,94.465,-41.8,4.958,5228.1,yes
31,admin,married,university.degree,no,yes,no,telephone,may,thu,102,4,999,0,nonexistent,1.1,93.994,-36.4,4.86,5191,no
26,services,single,high.school,no,yes,no,telephone,may,tue,188,1,999,0,nonexistent,1.1,93.994,-36.4,4.856,5191,yes
36,bluecollar,single,basic.9y,unknown,yes,no,cellular,jul,mon,221,8,999,0,nonexistent,1.4,93.918,-42.7,4.96,5228.1,no
50,entrepreneur,married,university.degree,no,yes,no,cellular,nov,thu,57,3,999,0,nonexistent,-0.1,93.2,-42,4.076,5195.8,yes
41,unemployed,married,basic.9y,no,yes,no,cellular,apr,mon,263,1,999,0,nonexistent,-1.8,93.075,-47.1,1.466,5099.1,no
50,self-employed,married,professional.course,no,no,no,cellular,jul,thu,73,7,999,0,nonexistent,1.4,93.918,-42.7,4.968,5228.1,yes
32,bluecollar,single,high.school,no,no,yes,cellular,may,wed,204,3,999,0,nonexistent,-1.8,92.893,-46.2,1.281,5099.1,no
56,self-employed,married,university.degree,no,no,no,cellular,apr,mon,83,3,999,1,failure,-1.8,93.075,-47.1,1.405,5099.1,yes
42,admin,married,high.school,no,yes,no,cellular,may,tue,111,1,999,0,nonexistent,-1.8,92.893,-46.2,1.344,5099.1,no
38,technician,married,professional.course,unknown,no,no,telephone,may,mon,407,2,999,0,nonexistent,1.1,93.994,-36.4,4.857,5191,yes
36,admin,single,university.degree,no,no,no,telephone,may,mon,12,5,999,0,nonexistent,-1.8,92.893,-46.2,1.244,5099.1,no
45,bluecollar,married,basic.6y,no,yes,no,telephone,jun,mon,134,8,999,0,nonexistent,1.4,94.465,-41.8,4.865,5228.1,yes
52,retired,married,basic.4y,unknown,unknown,unknown,cellular,jul,thu,143,4,999,0,nonexistent,1.4,93.918,-42.7,4.962,5228.1,no
55,technician,married,university.degree,no,no,no,telephone,jun,tue,126,1,999,0,nonexistent,1.4,94.465,-41.8,4.961,5228.1,yes
38,self-employed,single,university.degree,no,no,no,telephone,may,thu,238,1,999,0,nonexistent,1.1,93.994,-36.4,4.855,5191,no
71,retired,married,basic.4y,no,yes,yes,cellular,oct,tue,120,1,6,1,success,-3.4,92.431,-26.9,0.728,5017.5,yes
22,services,single,basic.4y,no,no,no,telephone,may,wed,91,1,999,0,nonexistent,1.1,93.994,-36.4,4.858,5191,no
30,admin,single,university.degree,no,no,no,cellular,nov,fri,331,2,999,0,nonexistent,-0.1,93.2,-42,4.021,5195.8,yes
78,retired,married,high.school,no,yes,no,cellular,may,mon,754,2,3,2,failure,-1.8,92.893,-46.2,1.264,5099.1,no
30,admin,divorced,university.degree,no,yes,no,cellular,nov,wed,589,1,999,0,nonexistent,-0.1,93.2,-42,4.12,5195.8,yes
51,bluecollar,married,basic.6y,no,yes,no,cellular,apr,wed,89,2,999,0,nonexistent,-1.8,93.075,-47.1,1.372,5099.1,no
35,management,divorced,university.degree,no,unknown,unknown,cellular,aug,mon,123,3,999,0,nonexistent,1.4,93.444,-36.1,4.965,5228.1,yes
26,student,single,unknown,no,yes,no,cellular,nov,wed,92,2,999,0,nonexistent,-3.4,92.649,-30.1,0.716,5017.5,no
34,services,married,high.school,no,no,no,telephone,jun,fri,9,14,999,0,nonexistent,1.4,94.465,-41.8,4.959,5228.1,yes
49,management,married,university.degree,no,yes,no,cellular,aug,thu,87,1,999,0,nonexistent,1.4,93.444,-36.1,4.968,5228.1,no
50,bluecollar,divorced,basic.4y,no,no,no,cellular,jul,thu,150,5,999,0,nonexistent,1.4,93.918,-42.7,4.962,5228.1,yes
51,entrepreneur,married,university.degree,no,no,no,telephone,may,wed,98,1,999,0,nonexistent,1.1,93.994,-36.4,4.856,5191,no
57,retired,married,university.degree,no,yes,no,cellular,aug,wed,187,1,999,1,failure,-2.9,92.201,-31.4,0.834,5076.2,yes
33,admin,divorced,university.degree,no,yes,no,cellular,nov,mon,76,2,999,0,nonexistent,-0.1,93.2,-42,4.191,5195.8,no
35,admin,married,university.degree,no,no,no,telephone,may,wed,41,3,999,0,nonexistent,1.1,93.994,-36.4,4.856,5191,yes
37,admin,single,high.school,no,no,no,cellular,jul,thu,609,2,7,3,success,-1.7,94.215,-40.3,0.782,4991.6,no
39,admin,single,university.degree,no,yes,no,cellular,nov,wed,514,1,999,0,nonexistent,-0.1,93.2,-42,4.12,5195.8,yes
39,services,married,high.school,no,no,no,telephone,may,tue,919,2,999,0,nonexistent,1.1,93.994,-36.4,4.856,5191,no
20,student,single,high.school,no,no,no,cellular,nov,wed,187,2,999,0,nonexistent,-3.4,92.649,-30.1,0.715,5017.5,yes
55,bluecollar,married,professional.course,unknown,yes,no,telephone,may,fri,530,1,999,0,nonexistent,1.1,93.994,-36.4,4.857,5191,no
27,student,single,professional.course,no,no,no,telephone,nov,thu,72,1,999,0,nonexistent,-0.1,93.2,-42,4.245,5195.8,yes
33,admin,married,high.school,no,no,no,cellular,jul,fri,595,2,999,0,nonexistent,1.4,93.918,-42.7,4.957,5228.1,no
24,bluecollar,married,basic.9y,unknown,yes,no,telephone,may,thu,226,1,999,0,nonexistent,1.1,93.994,-36.4,4.855,5191,yes
39,management,married,university.degree,no,no,no,cellular,aug,mon,168,1,999,0,nonexistent,1.4,93.444,-36.1,4.965,5228.1,no
55,bluecollar,married,basic.9y,no,yes,yes,cellular,aug,thu,142,3,999,0,nonexistent,1.4,93.444,-36.1,4.963,5228.1,yes
35,unknown,married,basic.9y,no,no,no,telephone,may,thu,108,2,999,0,nonexistent,1.1,93.994,-36.4,4.855,5191,no
55,retired,divorced,basic.4y,unknown,no,no,cellular,may,wed,526,4,999,1,failure,-1.8,92.893,-46.2,1.281,5099.1,yes
42,self-employed,married,high.school,no,no,no,telephone,may,tue,83,1,999,0,nonexistent,1.1,93.994,-36.4,4.856,5191,no
50,self-employed,divorced,university.degree,no,no,no,cellular,nov,thu,59,4,999,0,nonexistent,-0.1,93.2,-42,4.076,5195.8,yes
39,management,married,university.degree,no,yes,no,cellular,may,fri,53,1,999,0,nonexistent,-1.8,92.893,-46.2,1.313,5099.1,no
40,services,single,high.school,no,no,no,cellular,may,wed,197,1,999,0,nonexistent,-1.8,92.893,-46.2,1.334,5099.1,yes
51,services,single,high.school,unknown,no,no,telephone,jun,mon,329,3,999,0,nonexistent,1.4,94.465,-41.8,4.961,5228.1,no
59,retired,unknown,university.degree,unknown,no,no,telephone,may,tue,253,1,999,0,nonexistent,1.1,93.994,-36.4,4.857,5191,yes
54,technician,married,high.school,no,no,no,cellular,apr,mon,58,3,999,2,failure,-1.8,93.075,-47.1,1.405,5099.1,no
42,management,married,university.degree,unknown,yes,no,cellular,aug,thu,109,5,999,0,nonexistent,1.4,93.444,-36.1,4.968,5228.1,yes
33,technician,divorced,professional.course,no,yes,yes,cellular,aug,mon,679,1,999,0,nonexistent,1.4,93.444,-36.1,4.97,5228.1,no
26,admin,single,basic.4y,no,yes,yes,telephone,jun,tue,68,6,999,0,nonexistent,1.4,94.465,-41.8,4.961,5228.1,yes
27,management,married,university.degree,no,no,no,cellular,apr,mon,54,1,999,0,nonexistent,-1.8,93.075,-47.1,1.392,5099.1,no
30,technician,single,high.school,no,yes,no,cellular,aug,thu,230,1,999,0,nonexistent,1.4,93.444,-36.1,4.963,5228.1,yes
42,self-employed,married,high.school,unknown,yes,no,cellular,nov,thu,77,3,999,0,nonexistent,-0.1,93.2,-42,4.076,5195.8,no
53,unemployed,married,university.degree,no,unknown,unknown,cellular,nov,mon,126,1,999,0,nonexistent,-0.1,93.2,-42,4.191,5195.8,yes
36,management,married,university.degree,no,unknown,unknown,cellular,sep,wed,331,1,6,4,failure,-1.1,94.199,-37.5,0.876,4963.6,no
29,management,single,university.degree,no,yes,no,cellular,aug,tue,139,2,999,0,nonexistent,1.4,93.444,-36.1,4.963,5228.1,yes
45,services,married,professional.course,no,unknown,unknown,cellular,aug,fri,133,3,999,0,nonexistent,1.4,93.444,-36.1,4.963,5228.1,no
35,services,single,basic.9y,no,no,no,cellular,jul,fri,102,5,999,0,nonexistent,1.4,93.918,-42.7,4.962,5228.1,yes
33,bluecollar,married,high.school,unknown,yes,no,cellular,mar,tue,494,1,999,0,nonexistent,-1.8,92.843,-50,1.51,5099.1,no
38,admin,married,university.degree,no,yes,no,cellular,aug,tue,19,11,999,0,nonexistent,1.4,93.444,-36.1,4.965,5228.1,yes
29,bluecollar,married,basic.6y,no,no,yes,telephone,may,wed,168,3,999,0,nonexistent,1.1,93.994,-36.4,4.859,5191,no
32,admin,married,high.school,no,yes,yes,telephone,apr,mon,24,1,999,2,failure,-1.8,93.075,-47.1,1.405,5099.1,yes
34,technician,married,professional.course,no,unknown,unknown,cellular,may,thu,35,3,999,0,nonexistent,-1.8,92.893,-46.2,1.327,5099.1,no
36,bluecollar,married,high.school,no,yes,no,cellular,dec,thu,234,1,999,0,nonexistent,-0.2,92.756,-45.9,3.329,5176.3,yes
51,management,married,university.degree,no,no,no,telephone,jun,wed,16,17,999,0,nonexistent,1.4,94.465,-41.8,4.962,5228.1,no
34,bluecollar,married,basic.4y,no,no,yes,telephone,may,thu,23,1,999,0,nonexistent,1.1,93.994,-36.4,4.86,5191,yes
50,technician,married,university.degree,no,yes,yes,cellular,sep,wed,1353,2,999,0,nonexistent,-3.4,92.379,-29.8,0.749,5017.5,no
54,bluecollar,married,basic.4y,unknown,no,no,cellular,aug,thu,65,6,999,0,nonexistent,1.4,93.444,-36.1,4.963,5228.1,yes
53,management,married,university.degree,no,no,no,cellular,aug,thu,88,4,999,0,nonexistent,1.4,93.444,-36.1,4.962,5228.1,no
52,bluecollar,married,high.school,no,no,no,cellular,may,tue,57,1,999,0,nonexistent,-1.8,92.893,-46.2,1.344,5099.1,yes
71,retired,married,high.school,no,no,no,cellular,sep,mon,363,1,999,0,nonexistent,-1.1,94.199,-37.5,0.879,4963.6,no
52,retired,married,university.degree,no,yes,yes,telephone,nov,mon,215,3,999,0,nonexistent,-0.1,93.2,-42,4.191,5195.8,yes
53,technician,married,professional.course,no,no,no,telephone,may,tue,332,1,999,0,nonexistent,1.1,93.994,-36.4,4.856,5191,no
36,admin,single,university.degree,no,yes,no,cellular,nov,thu,287,2,999,0,nonexistent,-0.1,93.2,-42,4.076,5195.8,yes
43,admin,married,high.school,no,yes,no,telephone,may,thu,67,1,999,0,nonexistent,1.1,93.994,-36.4,4.855,5191,no
31,technician,single,professional.course,no,no,no,cellular,aug,mon,122,2,999,0,nonexistent,1.4,93.444,-36.1,4.965,5228.1,yes
58,admin,single,university.degree,no,no,no,telephone,may,mon,1234,3,999,0,nonexistent,1.1,93.994,-36.4,4.857,5191,no
46,technician,married,university.degree,no,no,no,cellular,jul,thu,124,3,999,0,nonexistent,1.4,93.918,-42.7,4.968,5228.1,yes
38,bluecollar,married,basic.6y,unknown,no,no,cellular,jul,thu,456,1,999,0,nonexistent,1.4,93.918,-42.7,4.963,5228.1,no
34,admin,married,university.degree,no,no,no,cellular,may,wed,329,1,999,0,nonexistent,-1.8,92.893,-46.2,1.281,5099.1,yes
37,services,married,high.school,unknown,yes,no,telephone,may,mon,58,3,999,0,nonexistent,-1.8,92.893,-46.2,1.299,5099.1,no
40,self-employed,single,university.degree,no,no,yes,cellular,jun,wed,54,4,999,0,nonexistent,-2.9,92.963,-40.8,1.244,5076.2,yes
42,bluecollar,divorced,high.school,no,no,no,telephone,jun,tue,256,1,999,0,nonexistent,1.4,94.465,-41.8,4.961,5228.1,no
40,technician,single,high.school,no,no,no,cellular,aug,fri,85,1,999,0,nonexistent,1.4,93.444,-36.1,4.964,5228.1,yes
27,unemployed,married,high.school,no,yes,no,telephone,jun,fri,23,13,999,0,nonexistent,1.4,94.465,-41.8,4.959,5228.1,no
57,unknown,married,unknown,unknown,yes,no,telephone,may,mon,48,1,999,0,nonexistent,1.1,93.994,-36.4,4.857,5191,yes
45,services,married,high.school,unknown,yes,no,cellular,apr,mon,79,1,999,1,failure,-1.8,93.075,-47.1,1.405,5099.1,no
46,admin,divorced,university.degree,no,yes,yes,cellular,nov,wed,184,2,999,1,failure,-0.1,93.2,-42,4.12,5195.8,yes
47,admin,married,university.degree,no,yes,yes,cellular,jul,wed,129,3,999,2,failure,-1.7,94.215,-40.3,0.896,4991.6,no
56,retired,married,basic.4y,unknown,no,no,cellular,aug,wed,687,2,999,0,nonexistent,1.4,93.444,-36.1,4.964,5228.1,yes
32,entrepreneur,married,high.school,no,yes,no,telephone,may,mon,314,1,999,0,nonexistent,1.1,93.994,-36.4,4.857,5191,no
54,services,married,unknown,no,no,no,telephone,may,tue,192,1,999,0,nonexistent,1.1,93.994,-36.4,4.856,5191,yes
58,services,married,high.school,no,no,no,cellular,aug,fri,155,5,999,0,nonexistent,1.4,93.444,-36.1,4.964,5228.1,no
30,admin,married,university.degree,no,yes,no,cellular,aug,thu,123,1,999,0,nonexistent,1.4,93.444,-36.1,4.964,5228.1,yes
39,bluecollar,married,basic.6y,unknown,no,yes,cellular,jul,thu,122,1,999,0,nonexistent,1.4,93.918,-42.7,4.963,5228.1,no
41,services,married,high.school,unknown,yes,no,cellular,nov,thu,255,2,999,0,nonexistent,-0.1,93.2,-42,4.076,5195.8,yes
32,admin,married,university.degree,no,yes,no,cellular,aug,wed,428,4,999,0,nonexistent,1.4,93.444,-36.1,4.964,5228.1,no
32,services,married,high.school,no,no,no,telephone,may,tue,181,1,999,0,nonexistent,1.1,93.994,-36.4,4.857,5191,yes
29,management,single,university.degree,no,yes,yes,telephone,may,mon,207,3,999,0,nonexistent,1.1,93.994,-36.4,4.857,5191,no
43,management,divorced,high.school,no,yes,no,cellular,nov,mon,488,2,999,0,nonexistent,-0.1,93.2,-42,4.191,5195.8,yes
41,services,divorced,basic.9y,no,yes,no,telephone,may,wed,189,3,999,0,nonexistent,1.1,93.994,-36.4,4.857,5191,no
30,admin,married,university.degree,no,yes,no,telephone,may,fri,355,2,999,0,nonexistent,1.1,93.994,-36.4,4.859,5191,yes
28,services,married,high.school,no,unknown,unknown,cellular,jul,thu,81,4,999,0,nonexistent,1.4,93.918,-42.7,4.968,5228.1,no
35,admin,single,high.school,no,yes,no,cellular,nov,tue,106,1,999,0,nonexistent,-0.1,93.2,-42,4.153,5195.8,yes
44,bluecollar,married,basic.6y,no,yes,no,telephone,sep,thu,10,1,999,0,nonexistent,-1.1,94.199,-37.5,0.884,4963.6,no
25,bluecollar,married,high.school,unknown,yes,no,cellular,jul,tue,94,4,999,0,nonexistent,1.4,93.918,-42.7,4.961,5228.1,yes
47,bluecollar,married,basic.9y,unknown,yes,no,cellular,aug,tue,118,1,999,0,nonexistent,1.4,93.444,-36.1,4.963,5228.1,no
32,unemployed,married,professional.course,no,yes,no,telephone,nov,tue,486,1,999,0,nonexistent,-0.1,93.2,-42,4.343,5195.8,yes
26,student,single,high.school,no,no,no,cellular,jul,tue,235,1,999,1,failure,-1.7,94.215,-40.3,0.893,4991.6,no
35,admin,single,university.degree,no,yes,no,cellular,jul,mon,167,2,999,0,nonexistent,1.4,93.918,-42.7,4.96,5228.1,yes
34,bluecollar,married,basic.9y,no,no,no,telephone,jun,mon,206,1,999,0,nonexistent,1.4,94.465,-41.8,4.96,5228.1,no
57,management,divorced,university.degree,no,yes,no,telephone,may,wed,236,1,999,0,nonexistent,1.1,93.994,-36.4,4.856,5191,yes
38,bluecollar,single,basic.6y,unknown,no,yes,cellular,may,wed,42,1,999,1,failure,-1.8,92.893,-46.2,1.334,5099.1,no
33,admin,single,high.school,no,yes,no,cellular,oct,mon,61,2,6,2,failure,-3.4,92.431,-26.9,0.731,5017.5,yes
32,admin,married,high.school,no,no,no,cellular,nov,fri,219,2,999,0,nonexistent,-0.1,93.2,-42,4.021,5195.8,no
47,bluecollar,married,basic.4y,unknown,yes,yes,cellular,jul,thu,114,1,999,0,nonexistent,1.4,93.918,-42.7,4.958,5228.1,yes
34,bluecollar,single,basic.6y,no,no,no,cellular,may,mon,204,2,999,0,nonexistent,-1.8,92.893,-46.2,1.299,5099.1,no
36,admin,single,high.school,no,yes,no,cellular,apr,fri,413,2,999,0,nonexistent,-1.8,93.075,-47.1,1.405,5099.1,yes
28,technician,single,professional.course,no,yes,no,cellular,may,mon,77,1,999,1,failure,-1.8,92.893,-46.2,1.299,5099.1,no
72,retired,divorced,university.degree,no,no,no,cellular,aug,tue,270,1,999,0,nonexistent,-2.9,92.201,-31.4,0.884,5076.2,yes
27,services,single,basic.9y,no,yes,yes,cellular,jul,tue,88,6,999,0,nonexistent,1.4,93.918,-42.7,4.961,5228.1,no
43,admin,divorced,high.school,no,yes,yes,cellular,may,thu,892,2,999,0,nonexistent,-1.8,92.893,-46.2,1.327,5099.1,yes
39,entrepreneur,single,university.degree,no,yes,no,cellular,may,fri,452,1,999,0,nonexistent,-1.8,92.893,-46.2,1.25,5099.1,no
27,admin,single,university.degree,no,no,no,cellular,mar,tue,238,4,999,0,nonexistent,-1.8,93.369,-34.8,0.635,5008.7,yes
35,admin,single,university.degree,no,yes,no,cellular,may,tue,614,1,999,0,nonexistent,-1.8,92.893,-46.2,1.344,5099.1,no
34,technician,married,professional.course,no,no,no,cellular,aug,mon,123,1,999,0,nonexistent,-2.9,92.201,-31.4,0.861,5076.2,yes
36,services,married,high.school,unknown,yes,yes,telephone,jun,wed,57,2,999,0,nonexistent,1.4,94.465,-41.8,4.962,5228.1,no
39,technician,married,high.school,no,no,no,cellular,nov,fri,749,2,999,0,nonexistent,-0.1,93.2,-42,4.021,5195.8,yes
35,management,divorced,high.school,no,yes,no,telephone,jun,fri,176,4,999,0,nonexistent,1.4,94.465,-41.8,4.959,5228.1,no
56,retired,married,basic.4y,no,no,no,cellular,nov,tue,130,3,999,0,nonexistent,-0.1,93.2,-42,4.153,5195.8,yes
31,admin,single,university.degree,no,yes,no,cellular,jul,wed,1327,2,999,0,nonexistent,1.4,93.918,-42.7,4.963,5228.1,no
31,services,single,high.school,no,yes,no,cellular,may,tue,28,1,999,0,nonexistent,-1.8,92.893,-46.2,1.344,5099.1,yes
45,admin,single,university.degree,no,no,no,cellular,nov,fri,27,3,999,0,nonexistent,-0.1,93.2,-42,4.021,5195.8,no
20,student,single,unknown,no,yes,yes,cellular,apr,tue,47,2,999,0,nonexistent,-1.8,93.075,-47.1,1.405,5099.1,yes
42,bluecollar,divorced,basic.9y,no,no,no,cellular,jul,mon,111,3,999,0,nonexistent,1.4,93.918,-42.7,4.96,5228.1,no
39,admin,married,university.degree,no,no,no,cellular,may,fri,272,1,999,0,nonexistent,-1.8,92.893,-46.2,1.25,5099.1,yes
45,bluecollar,married,basic.4y,unknown,no,yes,telephone,jun,tue,65,2,999,0,nonexistent,1.4,94.465,-41.8,4.961,5228.1,no
50,services,married,high.school,no,yes,no,cellular,aug,mon,54,15,999,0,nonexistent,1.4,93.444,-36.1,4.965,5228.1,yes
29,admin,single,university.degree,no,no,no,telephone,jun,tue,641,6,999,0,nonexistent,1.4,94.465,-41.8,4.961,5228.1,no
38,unknown,married,unknown,unknown,no,no,telephone,may,mon,362,4,999,0,nonexistent,1.1,93.994,-36.4,4.857,5191,yes
34,entrepreneur,married,basic.4y,no,yes,no,telephone,may,wed,474,1,999,0,nonexistent,1.1,93.994,-36.4,4.856,5191,no
36,admin,married,university.degree,no,no,no,cellular,jul,mon,61,6,999,0,nonexistent,1.4,93.918,-42.7,4.96,5228.1,yes
35,admin,single,university.degree,no,no,no,telephone,may,mon,234,13,999,0,nonexistent,1.1,93.994,-36.4,4.858,5191,no
41,technician,married,professional.course,unknown,no,no,telephone,may,mon,677,1,999,0,nonexistent,1.1,93.994,-36.4,4.857,5191,yes
42,admin,single,university.degree,no,yes,no,telephone,may,fri,87,1,999,0,nonexistent,1.1,93.994,-36.4,4.864,5191,no
39,technician,married,professional.course,no,yes,no,cellular,aug,mon,247,1,4,1,success,-2.9,92.201,-31.4,0.884,5076.2,yes
34,bluecollar,married,basic.6y,unknown,no,yes,telephone,jul,mon,164,3,999,0,nonexistent,1.4,93.918,-42.7,4.962,5228.1,no
52,admin,married,high.school,no,no,no,telephone,may,wed,643,2,999,0,nonexistent,1.1,93.994,-36.4,4.857,5191,yes
47,admin,divorced,university.degree,no,yes,no,telephone,jun,fri,2653,3,999,0,nonexistent,1.4,94.465,-41.8,4.967,5228.1,no
59,management,married,university.degree,no,no,no,cellular,dec,thu,112,4,999,1,failure,-3,92.713,-33,0.7,5023.5,yes
37,services,married,high.school,no,no,yes,cellular,apr,fri,175,1,999,1,failure,-1.8,93.075,-47.1,1.405,5099.1,no
33,management,married,university.degree,no,yes,no,cellular,may,wed,85,4,999,0,nonexistent,-1.8,92.893,-46.2,1.334,5099.1,yes
35,bluecollar,married,basic.9y,unknown,yes,no,telephone,jun,fri,288,2,999,0,nonexistent,1.4,94.465,-41.8,4.959,5228.1,no
33,admin,married,high.school,no,yes,no,telephone,may,wed,67,2,999,0,nonexistent,1.1,93.994,-36.4,4.857,5191,yes
40,technician,single,university.degree,no,yes,yes,cellular,nov,fri,44,1,999,0,nonexistent,-0.1,93.2,-42,4.021,5195.8,no
39,admin,married,university.degree,unknown,no,no,telephone,may,fri,302,1,999,0,nonexistent,1.1,93.994,-36.4,4.857,5191,yes
32,technician,married,university.degree,no,yes,no,cellular,nov,mon,77,1,999,0,nonexistent,-3.4,92.649,-30.1,0.714,5017.5,no
29,technician,single,high.school,no,yes,no,cellular,aug,tue,130,6,999,0,nonexistent,1.4,93.444,-36.1,4.965,5228.1,yes
32,admin,single,high.school,no,no,no,cellular,apr,thu,1143,1,999,0,nonexistent,-1.8,93.075,-47.1,1.365,5099.1,no
35,admin,divorced,university.degree,no,yes,no,telephone,may,fri,221,2,999,0,nonexistent,1.1,93.994,-36.4,4.859,5191,yes
36,admin,married,university.degree,no,yes,no,cellular,jul,wed,570,2,999,0,nonexistent,1.4,93.918,-42.7,4.962,5228.1,no
38,bluecollar,married,basic.4y,no,no,no,cellular,apr,tue,239,1,999,0,nonexistent,-1.8,93.075,-47.1,1.453,5099.1,yes
32,admin,married,university.degree,no,yes,no,telephone,aug,tue,66,7,999,0,nonexistent,1.4,93.444,-36.1,4.965,5228.1,no
32,admin,single,university.degree,no,no,no,cellular,aug,mon,200,1,999,0,nonexistent,1.4,93.444,-36.1,4.97,5228.1,yes
34,self-employed,single,high.school,no,yes,no,cellular,nov,tue,581,4,999,0,nonexistent,-0.1,93.2,-42,4.153,5195.8,no
42,admin,single,university.degree,no,yes,yes,telephone,may,wed,938,1,999,0,nonexistent,1.1,93.994,-36.4,4.858,5191,yes
28,technician,single,basic.9y,no,no,no,cellular,may,tue,223,1,999,0,nonexistent,-1.8,92.893,-46.2,1.291,5099.1,no
53,technician,married,professional.course,no,no,no,telephone,may,fri,260,1,999,0,nonexistent,1.1,93.994,-36.4,4.857,5191,yes
27,services,single,basic.9y,no,no,no,telephone,may,mon,93,2,999,0,nonexistent,1.1,93.994,-36.4,4.857,5191,no
43,entrepreneur,married,professional.course,no,yes,yes,cellular,may,fri,114,1,999,1,failure,-1.8,92.893,-46.2,1.259,5099.1,yes
51,unemployed,married,professional.course,unknown,yes,yes,cellular,jul,thu,901,1,999,0,nonexistent,1.4,93.918,-42.7,4.963,5228.1,no
35,bluecollar,single,basic.6y,no,no,no,telephone,jun,fri,81,2,999,0,nonexistent,1.4,94.465,-41.8,4.959,5228.1,yes
42,admin,married,university.degree,no,yes,no,cellular,aug,fri,168,1,999,0,nonexistent,1.4,93.444,-36.1,4.963,5228.1,no
36,technician,single,professional.course,no,no,yes,telephone,may,mon,114,2,999,0,nonexistent,1.1,93.994,-36.4,4.858,5191,yes
35,bluecollar,divorced,basic.9y,no,no,no,telephone,jun,mon,138,4,999,0,nonexistent,1.4,94.465,-41.8,4.961,5228.1,no
38,services,married,basic.9y,no,no,no,telephone,jun,fri,31,1,999,0,nonexistent,1.4,94.465,-41.8,4.967,5228.1,yes
45,bluecollar,married,basic.6y,unknown,no,no,telephone,jun,thu,272,2,999,0,nonexistent,1.4,94.465,-41.8,4.866,5228.1,no
24,bluecollar,single,basic.9y,no,yes,no,cellular,jul,wed,590,3,999,0,nonexistent,1.4,93.918,-42.7,4.963,5228.1,yes
30,technician,married,university.degree,unknown,yes,no,cellular,jul,tue,231,1,999,0,nonexistent,1.4,93.918,-42.7,4.962,5228.1,no
31,entrepreneur,divorced,basic.4y,no,no,no,cellular,nov,tue,152,2,999,0,nonexistent,-0.1,93.2,-42,4.153,5195.8,yes
30,management,married,university.degree,no,yes,no,cellular,jul,wed,217,2,999,0,nonexistent,1.4,93.918,-42.7,4.963,5228.1,no
68,retired,married,university.degree,no,yes,no,cellular,jul,mon,546,2,999,1,failure,-1.7,94.215,-40.3,0.889,4991.6,yes
50,bluecollar,married,basic.6y,unknown,no,no,cellular,aug,tue,137,1,999,0,nonexistent,1.4,93.444,-36.1,4.966,5228.1,no
32,unemployed,married,university.degree,no,yes,no,cellular,aug,thu,85,8,999,0,nonexistent,1.4,93.444,-36.1,4.962,5228.1,yes
55,services,married,high.school,no,no,yes,cellular,jul,thu,371,1,999,0,nonexistent,1.4,93.918,-42.7,4.963,5228.1,no
31,admin,married,high.school,unknown,yes,yes,telephone,jun,wed,135,2,999,0,nonexistent,1.4,94.465,-41.8,4.864,5228.1,yes
55,services,married,basic.4y,no,no,yes,cellular,aug,wed,64,1,999,0,nonexistent,1.4,93.444,-36.1,4.964,5228.1,no
37,admin,married,high.school,no,unknown,unknown,cellular,jul,thu,56,3,999,0,nonexistent,1.4,93.918,-42.7,4.968,5228.1,yes
41,bluecollar,single,basic.4y,no,unknown,unknown,cellular,jul,mon,107,3,999,0,nonexistent,1.4,93.918,-42.7,4.96,5228.1,no
34,self-employed,single,university.degree,no,yes,no,cellular,may,mon,102,3,999,0,nonexistent,-1.8,92.893,-46.2,1.299,5099.1,yes
33,bluecollar,married,basic.9y,no,no,no,cellular,may,fri,728,1,999,0,nonexistent,-1.8,92.893,-46.2,1.313,5099.1,no
42,services,married,high.school,no,no,no,cellular,may,mon,312,2,999,0,nonexistent,-1.8,92.893,-46.2,1.354,5099.1,yes
56,admin,married,university.degree,no,no,no,telephone,jul,fri,55,9,999,0,nonexistent,1.4,93.918,-42.7,4.957,5228.1,no
46,entrepreneur,married,basic.9y,no,no,no,telephone,jun,mon,245,1,999,0,nonexistent,1.4,94.465,-41.8,4.865,5228.1,yes
42,admin,single,high.school,no,no,no,cellular,jul,fri,163,1,999,0,nonexistent,1.4,93.918,-42.7,4.962,5228.1,no
33,admin,divorced,university.degree,no,yes,no,cellular,nov,thu,214,2,999,1,failure,-0.1,93.2,-42,4.076,5195.8,yes
53,technician,married,professional.course,unknown,yes,no,telephone,may,fri,264,1,999,0,nonexistent,1.1,93.994,-36.4,4.864,5191,no
43,self-employed,married,basic.4y,no,no,yes,cellular,nov,wed,206,5,999,0,nonexistent,-0.1,93.2,-42,4.12,5195.8,yes
52,services,married,basic.6y,no,no,yes,cellular,jul,mon,161,2,999,0,nonexistent,1.4,93.918,-42.7,4.96,5228.1,no
40,technician,single,unknown,no,yes,no,telephone,jul,wed,145,2,999,0,nonexistent,1.4,93.918,-42.7,4.963,5228.1,yes
49,housemaid,single,university.degree,no,no,yes,cellular,dec,mon,334,3,999,0,nonexistent,-3,92.713,-33,0.717,5023.5,no
41,admin,married,university.degree,no,yes,no,cellular,aug,fri,47,13,999,0,nonexistent,1.4,93.444,-36.1,4.963,5228.1,yes
26,bluecollar,single,basic.4y,no,yes,yes,cellular,jul,wed,215,3,999,0,nonexistent,1.4,93.918,-42.7,4.962,5228.1,no
39,bluecollar,divorced,basic.9y,unknown,no,no,telephone,may,tue,304,2,999,0,nonexistent,1.1,93.994,-36.4,4.856,5191,yes
33,bluecollar,married,basic.9y,unknown,no,no,telephone,jun,tue,164,7,999,0,nonexistent,1.4,94.465,-41.8,4.864,5228.1,no
36,admin,single,basic.6y,no,yes,no,telephone,may,wed,125,2,999,1,failure,-1.8,92.893,-46.2,1.334,5099.1,yes
33,bluecollar,married,basic.9y,unknown,no,yes,telephone,jun,tue,321,1,999,0,nonexistent,1.4,94.465,-41.8,4.961,5228.1,no
36,services,married,high.school,unknown,no,no,telephone,jun,tue,49,2,999,0,nonexistent,1.4,94.465,-41.8,4.961,5228.1,yes
61,self-employed,divorced,university.degree,no,no,no,cellular,mar,fri,102,2,999,1,failure,-1.8,93.369,-34.8,0.649,5008.7,no
40,admin,married,basic.9y,no,no,no,telephone,may,tue,224,1,999,0,nonexistent,1.1,93.994,-36.4,4.856,5191,yes
31,technician,single,professional.course,no,no,no,telephone,jul,fri,141,2,999,0,nonexistent,1.4,93.918,-42.7,4.959,5228.1,no
41,bluecollar,married,basic.4y,no,yes,no,telephone,jun,mon,132,2,999,0,nonexistent,1.4,94.465,-41.8,4.865,5228.1,yes
39,services,married,high.school,no,yes,no,cellular,may,thu,22,8,999,1,failure,-1.8,92.893,-46.2,1.266,5099.1,no
39,admin,divorced,high.school,no,no,no,cellular,jul,tue,121,17,999,0,nonexistent,1.4,93.918,-42.7,4.961,5228.1,yes
38,management,married,university.degree,no,yes,no,cellular,aug,thu,328,2,999,0,nonexistent,-2.9,92.201,-31.4,0.873,5076.2,no
47,management,married,high.school,no,no,yes,cellular,apr,fri,245,1,999,1,failure,-1.8,93.075,-47.1,1.405,5099.1,yes
24,admin,single,high.school,no,yes,no,telephone,jul,mon,722,3,999,0,nonexistent,1.4,93.918,-42.7,4.96,5228.1,no
45,bluecollar,divorced,high.school,unknown,no,no,cellular,jul,thu,323,1,999,0,nonexistent,1.4,93.918,-42.7,4.963,5228.1,yes
34,technician,divorced,unknown,no,no,no,cellular,jul,thu,40,7,999,0,nonexistent,1.4,93.918,-42.7,4.968,5228.1,no
51,entrepreneur,married,basic.9y,no,yes,no,telephone,may,tue,142,2,999,0,nonexistent,1.1,93.994,-36.4,4.856,5191,yes
53,unknown,married,professional.course,no,no,no,cellular,jun,thu,217,2,3,1,success,-2.9,92.963,-40.8,1.26,5076.2,no
24,technician,single,professional.course,no,yes,no,cellular,jun,tue,211,1,999,0,nonexistent,-2.9,92.963,-40.8,1.262,5076.2,yes
24,services,married,high.school,no,no,no,cellular,may,thu,10,5,999,0,nonexistent,-1.8,92.893,-46.2,1.266,5099.1,no
35,technician,married,university.degree,unknown,yes,no,cellular,nov,wed,108,1,999,0,nonexistent,-0.1,93.2,-42,4.12,5195.8,yes
71,retired,single,university.degree,no,yes,no,cellular,oct,tue,167,1,999,0,nonexistent,-3.4,92.431,-26.9,0.742,5017.5,no
27,admin,single,university.degree,no,yes,yes,cellular,apr,wed,98,1,999,1,failure,-1.8,93.075,-47.1,1.445,5099.1,yes
32,services,married,high.school,no,no,no,cellular,oct,mon,217,1,999,0,nonexistent,-3.4,92.431,-26.9,0.739,5017.5,no
56,technician,divorced,university.degree,unknown,no,yes,cellular,jul,thu,13,2,999,0,nonexistent,1.4,93.918,-42.7,4.968,5228.1,yes
35,services,single,high.school,no,yes,no,cellular,may,thu,66,1,999,1,failure,-1.8,92.893,-46.2,1.327,5099.1,no
35,technician,single,professional.course,no,yes,yes,cellular,aug,thu,347,1,999,0,nonexistent,1.4,93.444,-36.1,4.964,5228.1,yes
38,services,single,basic.9y,no,yes,no,telephone,may,thu,193,1,999,0,nonexistent,1.1,93.994,-36.4,4.86,5191,no
52,services,single,high.school,no,yes,no,telephone,jun,wed,43,1,999,0,nonexistent,1.4,94.465,-41.8,4.962,5228.1,yes
27,admin,single,university.degree,unknown,yes,no,cellular,jul,tue,72,1,999,0,nonexistent,1.4,93.918,-42.7,4.961,5228.1,no
35,student,single,unknown,unknown,no,no,cellular,jul,wed,103,2,999,0,nonexistent,1.4,93.918,-42.7,4.963,5228.1,yes
40,technician,married,professional.course,no,no,no,telephone,may,tue,26,1,999,0,nonexistent,1.1,93.994,-36.4,4.856,5191,no
38,bluecollar,married,high.school,no,yes,no,cellular,jul,wed,122,5,999,0,nonexistent,1.4,93.918,-42.7,4.963,5228.1,yes
32,management,single,university.degree,no,no,no,cellular,may,thu,162,4,999,1,failure,-1.8,92.893,-46.2,1.266,5099.1,no
35,admin,married,high.school,no,no,no,cellular,nov,tue,95,1,999,0,nonexistent,-0.1,93.2,-42,4.153,5195.8,yes
28,bluecollar,single,professional.course,no,yes,no,cellular,jul,wed,611,2,999,0,nonexistent,1.4,93.918,-42.7,4.962,5228.1,no
25,bluecollar,married,basic.4y,no,no,no,cellular,jul,thu,420,2,999,0,nonexistent,1.4,93.918,-42.7,4.958,5228.1,yes
28,admin,single,university.degree,no,no,no,cellular,aug,wed,202,1,999,0,nonexistent,-2.9,92.201,-31.4,0.879,5076.2,no
31,technician,married,university.degree,no,no,no,cellular,sep,thu,244,1,3,1,success,-1.1,94.199,-37.5,0.878,4963.6,yes
38,technician,married,university.degree,no,no,no,cellular,jun,wed,539,1,999,0,nonexistent,-2.9,92.963,-40.8,1.26,5076.2,no
53,services,married,high.school,unknown,yes,no,telephone,jun,thu,75,1,999,0,nonexistent,1.4,94.465,-41.8,4.961,5228.1,yes
32,technician,divorced,professional.course,no,yes,no,telephone,may,fri,76,17,999,0,nonexistent,1.1,93.994,-36.4,4.859,5191,no
73,retired,married,professional.course,no,yes,no,cellular,aug,thu,135,2,999,0,nonexistent,-2.9,92.201,-31.4,0.873,5076.2,yes
34,admin,single,high.school,no,yes,no,telephone,may,wed,359,1,999,0,nonexistent,1.1,93.994,-36.4,4.856,5191,no
64,housemaid,married,unknown,no,yes,no,telephone,may,wed,671,3,999,0,nonexistent,-1.8,93.876,-40,0.697,5008.7,yes
41,technician,divorced,university.degree,no,yes,no,cellular,aug,fri,167,1,999,0,nonexistent,1.4,93.444,-36.1,4.966,5228.1,no
51,bluecollar,married,basic.4y,unknown,no,yes,telephone,jun,tue,781,1,999,0,nonexistent,1.4,94.465,-41.8,4.961,5228.1,yes
34,technician,married,university.degree,no,no,no,cellular,jun,tue,116,2,999,0,nonexistent,-2.9,92.963,-40.8,1.262,5076.2,no
50,management,married,unknown,no,yes,no,telephone,jun,thu,1005,2,999,0,nonexistent,1.4,94.465,-41.8,4.866,5228.1,yes
39,retired,single,high.school,no,no,no,telephone,may,thu,109,4,999,0,nonexistent,1.1,93.994,-36.4,4.855,5191,no
34,technician,married,professional.course,no,yes,no,cellular,mar,mon,93,1,999,0,nonexistent,-1.8,92.843,-50,1.629,5099.1,yes
37,housemaid,divorced,basic.9y,unknown,yes,no,telephone,may,mon,226,2,999,0,nonexistent,-1.8,92.893,-46.2,1.299,5099.1,no
40,admin,married,high.school,unknown,yes,no,telephone,jun,fri,85,3,999,0,nonexistent,1.4,94.465,-41.8,4.967,5228.1,yes
38,admin,married,university.degree,no,yes,no,telephone,jun,thu,197,1,999,0,nonexistent,1.4,94.465,-41.8,4.866,5228.1,no
41,admin,divorced,university.degree,no,yes,no,cellular,aug,wed,188,4,999,0,nonexistent,1.4,93.444,-36.1,4.964,5228.1,yes
38,admin,married,university.degree,no,yes,no,cellular,aug,thu,191,3,999,0,nonexistent,1.4,93.444,-36.1,4.968,5228.1,no
47,technician,divorced,high.school,no,yes,no,cellular,jul,thu,303,3,999,0,nonexistent,1.4,93.918,-42.7,4.962,5228.1,yes
23,bluecollar,single,basic.9y,no,yes,no,cellular,jul,thu,523,2,999,0,nonexistent,1.4,93.918,-42.7,4.962,5228.1,no
30,bluecollar,single,basic.9y,no,no,no,telephone,jun,wed,83,11,999,0,nonexistent,1.4,94.465,-41.8,4.864,5228.1,yes
49,technician,married,university.degree,no,yes,no,cellular,nov,thu,91,1,999,0,nonexistent,-0.1,93.2,-42,4.076,5195.8,no
51,admin,married,basic.6y,unknown,yes,no,telephone,may,fri,343,1,999,0,nonexistent,1.1,93.994,-36.4,4.859,5191,yes
36,technician,single,professional.course,no,yes,no,cellular,may,wed,225,2,999,1,failure,-1.8,92.893,-46.2,1.281,5099.1,no
49,bluecollar,married,basic.6y,no,no,no,cellular,aug,mon,383,3,999,0,nonexistent,1.4,93.444,-36.1,4.965,5228.1,yes
21,student,single,professional.course,no,no,no,telephone,nov,wed,250,1,999,0,nonexistent,-3.4,92.649,-30.1,0.716,5017.5,no
34,unemployed,married,high.school,no,no,no,cellular,jul,thu,284,2,999,0,nonexistent,1.4,93.918,-42.7,4.968,5228.1,yes
45,bluecollar,married,basic.4y,no,yes,no,cellular,jul,thu,367,2,999,0,nonexistent,1.4,93.918,-42.7,4.962,5228.1,no
54,unemployed,married,basic.9y,no,no,no,cellular,may,wed,193,1,3,1,success,-1.8,92.893,-46.2,1.27,5099.1,yes
34,services,married,high.school,no,no,no,cellular,may,wed,71,3,999,0,nonexistent,-1.8,92.893,-46.2,1.27,5099.1,no
36,bluecollar,married,basic.6y,no,no,no,cellular,may,mon,193,1,999,0,nonexistent,-1.8,92.893,-46.2,1.299,5099.1,yes
45,admin,single,professional.course,no,no,no,telephone,may,tue,265,4,999,0,nonexistent,1.1,93.994,-36.4,4.857,5191,no
37,admin,married,university.degree,no,no,no,telephone,nov,wed,274,1,999,0,nonexistent,-0.1,93.2,-42,4.12,5195.8,yes
32,bluecollar,single,basic.9y,no,yes,no,cellular,nov,thu,75,2,999,0,nonexistent,-0.1,93.2,-42,4.076,5195.8,no
51,admin,married,basic.4y,unknown,no,no,cellular,may,tue,142,1,999,1,failure,-1.8,92.893,-46.2,1.344,5099.1,yes
35,bluecollar,married,basic.6y,unknown,no,no,telephone,may,fri,418,3,999,0,nonexistent,1.1,93.994,-36.4,4.857,5191,no
36,admin,single,university.degree,no,yes,yes,telephone,jul,thu,18,8,999,0,nonexistent,1.4,93.918,-42.7,4.968,5228.1,yes
32,admin,divorced,basic.9y,no,yes,no,cellular,jul,mon,118,3,999,0,nonexistent,1.4,93.918,-42.7,4.96,5228.1,no
34,services,married,high.school,no,no,no,telephone,may,tue,211,1,999,0,nonexistent,1.1,93.994,-36.4,4.856,5191,yes
51,technician,married,university.degree,unknown,yes,no,cellular,jul,wed,65,1,999,0,nonexistent,1.4,93.918,-42.7,4.962,5228.1,no
24,admin,single,university.degree,no,no,no,cellular,aug,thu,147,1,999,1,failure,-2.9,92.201,-31.4,0.851,5076.2,yes
37,services,married,high.school,no,yes,no,cellular,jul,mon,91,2,999,0,nonexistent,-2.9,92.469,-33.6,0.944,5076.2,no
37,bluecollar,married,high.school,no,yes,no,telephone,jun,mon,90,4,999,0,nonexistent,1.4,94.465,-41.8,4.961,5228.1,yes
56,bluecollar,married,basic.4y,unknown,yes,no,cellular,aug,tue,147,3,999,0,nonexistent,1.4,93.444,-36.1,4.963,5228.1,no
27,admin,single,high.school,no,yes,no,telephone,nov,fri,24,1,999,0,nonexistent,-0.1,93.2,-42,3.853,5195.8,yes
59,retired,divorced,basic.9y,unknown,yes,no,telephone,jun,fri,141,4,999,0,nonexistent,1.4,94.465,-41.8,4.959,5228.1,no
54,retired,married,basic.4y,no,no,yes,cellular,oct,thu,164,2,999,0,nonexistent,-3.4,92.431,-26.9,0.722,5017.5,yes
34,bluecollar,married,high.school,no,no,no,cellular,may,thu,144,3,999,1,failure,-1.8,92.893,-46.2,1.266,5099.1,no
36,housemaid,married,basic.6y,no,yes,no,telephone,jun,mon,45,3,999,0,nonexistent,1.4,94.465,-41.8,4.865,5228.1,yes
54,bluecollar,married,professional.course,unknown,yes,yes,telephone,may,mon,198,3,999,0,nonexistent,1.1,93.994,-36.4,4.857,5191,no
30,admin,married,high.school,no,yes,no,telephone,may,mon,434,4,999,0,nonexistent,1.1,93.994,-36.4,4.857,5191,yes
37,management,married,university.degree,no,yes,no,cellular,aug,tue,263,2,999,0,nonexistent,1.4,93.444,-36.1,4.968,5228.1,no
46,technician,married,professional.course,no,yes,no,telephone,may,tue,34,4,999,0,nonexistent,-1.8,92.893,-46.2,1.291,5099.1,yes
50,services,married,basic.9y,unknown,yes,no,cellular,aug,mon,113,2,999,0,nonexistent,1.4,93.444,-36.1,4.963,5228.1,no
35,services,single,university.degree,no,unknown,unknown,cellular,aug,mon,419,2,999,0,nonexistent,-2.9,92.201,-31.4,0.884,5076.2,yes
78,retired,married,basic.4y,no,no,no,cellular,jul,mon,1148,1,999,0,nonexistent,-1.7,94.215,-40.3,0.87,4991.6,no
27,services,single,high.school,no,no,no,cellular,jul,fri,423,3,999,0,nonexistent,-1.7,94.215,-40.3,0.79,4991.6,yes
55,technician,married,university.degree,no,no,no,telephone,may,mon,349,1,999,0,nonexistent,1.1,93.994,-36.4,4.857,5191,no
51,retired,married,basic.9y,no,yes,no,cellular,nov,thu,259,1,999,0,nonexistent,-0.1,93.2,-42,4.076,5195.8,yes
41,technician,married,professional.course,no,yes,yes,cellular,may,wed,204,2,999,0,nonexistent,-1.8,92.893,-46.2,1.27,5099.1,no
54,retired,married,high.school,no,no,no,cellular,nov,tue,172,1,999,0,nonexistent,-0.1,93.2,-42,4.153,5195.8,yes
46,admin,divorced,high.school,no,yes,no,telephone,oct,fri,3253,1,999,0,nonexistent,-0.1,93.798,-40.4,5.045,5195.8,no
30,admin,married,university.degree,no,no,no,cellular,nov,mon,329,2,999,0,nonexistent,-0.1,93.2,-42,4.191,5195.8,yes
33,bluecollar,single,basic.9y,unknown,yes,no,telephone,jun,tue,280,1,999,0,nonexistent,1.4,94.465,-41.8,4.864,5228.1,no
38,services,divorced,high.school,no,no,no,cellular,jul,thu,503,1,999,0,nonexistent,1.4,93.918,-42.7,4.963,5228.1,yes
36,bluecollar,married,high.school,no,no,no,telephone,may,mon,286,1,999,0,nonexistent,1.1,93.994,-36.4,4.857,5191,no
36,bluecollar,married,unknown,no,yes,no,cellular,may,thu,349,1,999,1,failure,-1.8,92.893,-46.2,1.327,5099.1,yes
46,technician,divorced,professional.course,no,yes,no,cellular,jul,thu,165,3,999,0,nonexistent,1.4,93.918,-42.7,4.968,5228.1,no
40,admin,married,university.degree,no,yes,no,telephone,jun,fri,606,5,999,0,nonexistent,1.4,94.465,-41.8,4.967,5228.1,yes
38,bluecollar,single,university.degree,unknown,no,no,telephone,may,fri,894,1,999,0,nonexistent,1.1,93.994,-36.4,4.859,5191,no
35,technician,married,professional.course,no,yes,no,telephone,jun,tue,117,3,999,0,nonexistent,1.4,94.465,-41.8,4.961,5228.1,yes
55,bluecollar,divorced,basic.4y,unknown,no,no,telephone,may,wed,148,4,999,0,nonexistent,-1.8,92.893,-46.2,1.281,5099.1,no
49,bluecollar,married,basic.9y,unknown,no,no,telephone,may,tue,813,2,999,0,nonexistent,1.1,93.994,-36.4,4.856,5191,yes
36,admin,single,high.school,no,no,no,cellular,apr,fri,140,1,999,0,nonexistent,-1.8,93.075,-47.1,1.405,5099.1,no
42,admin,married,university.degree,no,no,yes,cellular,aug,fri,81,7,999,0,nonexistent,1.4,93.444,-36.1,4.963,5228.1,yes
48,admin,divorced,unknown,no,yes,no,cellular,may,wed,16,6,999,0,nonexistent,-1.8,92.893,-46.2,1.281,5099.1,no
40,management,single,university.degree,no,no,no,cellular,jul,thu,309,2,999,0,nonexistent,1.4,93.918,-42.7,4.958,5228.1,yes
53,technician,married,professional.course,no,yes,no,cellular,aug,thu,178,2,999,0,nonexistent,1.4,93.444,-36.1,4.964,5228.1,no
42,bluecollar,married,high.school,unknown,no,no,telephone,jun,wed,257,2,999,0,nonexistent,1.4,94.465,-41.8,4.962,5228.1,yes
40,admin,married,university.degree,unknown,yes,no,telephone,may,mon,163,1,999,0,nonexistent,1.1,93.994,-36.4,4.857,5191,no
38,admin,single,university.degree,no,yes,no,telephone,jul,mon,195,2,999,0,nonexistent,-2.9,92.469,-33.6,0.914,5076.2,yes
34,admin,single,university.degree,no,yes,no,cellular,aug,thu,98,1,999,0,nonexistent,1.4,93.444,-36.1,4.964,5228.1,no
36,bluecollar,single,basic.4y,no,yes,no,telephone,jun,fri,250,8,999,0,nonexistent,1.4,94.465,-41.8,4.947,5228.1,yes
38,admin,divorced,university.degree,no,no,no,cellular,may,mon,79,3,999,0,nonexistent,-1.8,92.893,-46.2,1.299,5099.1,no
32,admin,married,high.school,no,no,no,cellular,may,thu,187,1,999,0,nonexistent,-1.8,92.893,-46.2,1.327,5099.1,yes
32,services,married,basic.4y,unknown,no,no,cellular,jul,mon,891,4,999,0,nonexistent,1.4,93.918,-42.7,4.96,5228.1,no
49,entrepreneur,married,university.degree,no,yes,no,cellular,apr,mon,334,1,999,0,nonexistent,-1.8,93.075,-47.1,1.405,5099.1,yes
35,admin,married,high.school,unknown,no,no,cellular,may,fri,585,1,999,0,nonexistent,-1.8,92.893,-46.2,1.25,5099.1,no
38,management,married,university.degree,no,no,no,cellular,nov,tue,61,1,999,0,nonexistent,-0.1,93.2,-42,4.153,5195.8,yes
38,technician,single,university.degree,no,yes,no,cellular,jul,fri,210,2,999,0,nonexistent,1.4,93.918,-42.7,4.963,5228.1,no
28,bluecollar,single,high.school,no,no,no,cellular,may,thu,16,1,999,0,nonexistent,-1.8,92.893,-46.2,1.327,5099.1,yes
26,technician,single,professional.course,no,yes,no,cellular,sep,fri,249,1,3,3,success,-1.1,94.199,-37.5,0.879,4963.6,no
27,admin,single,high.school,no,no,no,cellular,jul,tue,192,1,999,0,nonexistent,1.4,93.918,-42.7,4.962,5228.1,yes
59,retired,married,basic.6y,no,yes,no,cellular,jul,tue,807,1,999,0,nonexistent,1.4,93.918,-42.7,4.961,5228.1,no
26,services,single,high.school,no,no,no,telephone,may,fri,155,3,999,0,nonexistent,1.1,93.994,-36.4,4.855,5191,yes
38,technician,single,professional.course,no,yes,no,cellular,jul,thu,268,1,999,0,nonexistent,1.4,93.918,-42.7,4.963,5228.1,no
39,entrepreneur,single,basic.6y,no,yes,no,telephone,may,thu,77,2,999,0,nonexistent,1.1,93.994,-36.4,4.86,5191,yes
30,services,married,unknown,no,yes,no,telephone,may,wed,274,4,999,0,nonexistent,1.1,93.994,-36.4,4.856,5191,no
40,technician,married,university.degree,unknown,no,no,cellular,jul,mon,185,2,999,0,nonexistent,1.4,93.918,-42.7,4.96,5228.1,yes
37,admin,divorced,university.degree,unknown,yes,no,cellular,may,wed,31,7,999,1,failure,-1.8,92.893,-46.2,1.281,5099.1,no
31,services,married,basic.9y,no,no,no,cellular,apr,mon,74,2,999,0,nonexistent,-1.8,93.075,-47.1,1.405,5099.1,yes
47,admin,divorced,university.degree,no,yes,no,cellular,aug,fri,94,2,999,0,nonexistent,1.4,93.444,-36.1,4.964,5228.1,no
54,bluecollar,married,high.school,no,yes,yes,cellular,may,wed,184,1,999,0,nonexistent,-1.8,92.893,-46.2,1.334,5099.1,yes
32,management,married,university.degree,no,yes,yes,cellular,nov,fri,1067,2,999,0,nonexistent,-0.1,93.2,-42,4.021,5195.8,no
41,technician,married,professional.course,no,unknown,unknown,telephone,may,tue,154,1,999,0,nonexistent,1.1,93.994,-36.4,4.856,5191,yes
55,technician,married,professional.course,no,no,yes,cellular,may,fri,543,3,999,1,failure,-1.8,92.893,-46.2,1.25,5099.1,no
80,retired,married,basic.4y,no,no,no,cellular,may,mon,382,1,3,3,success,-1.8,93.876,-40,0.697,5008.7,yes
29,technician,married,professional.course,no,no,no,telephone,may,tue,492,2,999,0,nonexistent,1.1,93.994,-36.4,4.856,5191,no
32,admin,single,university.degree,no,yes,no,cellular,may,wed,412,1,999,0,nonexistent,-1.8,92.893,-46.2,1.27,5099.1,yes
47,admin,single,university.degree,no,no,no,cellular,aug,thu,310,3,999,0,nonexistent,1.4,93.444,-36.1,4.963,5228.1,no
49,bluecollar,divorced,basic.4y,unknown,no,no,telephone,jun,wed,122,5,999,0,nonexistent,1.4,94.465,-41.8,4.959,5228.1,yes
33,bluecollar,married,basic.6y,no,no,no,telephone,may,wed,1183,1,999,0,nonexistent,1.1,93.994,-36.4,4.857,5191,no
51,admin,married,high.school,no,no,no,cellular,nov,wed,286,2,999,0,nonexistent,-0.1,93.2,-42,4.12,5195.8,yes
40,entrepreneur,married,university.degree,no,yes,no,cellular,aug,mon,145,2,999,0,nonexistent,1.4,93.444,-36.1,4.97,5228.1,no
44,services,divorced,high.school,no,no,no,cellular,may,mon,903,4,999,0,nonexistent,-1.8,92.893,-46.2,1.244,5099.1,yes
28,self-employed,single,basic.9y,no,yes,no,telephone,may,tue,4,4,999,0,nonexistent,1.1,93.994,-36.4,4.857,5191,no
46,technician,married,professional.course,no,no,no,cellular,nov,mon,64,3,999,0,nonexistent,-0.1,93.2,-42,4.191,5195.8,yes
46,entrepreneur,married,university.degree,no,yes,no,telephone,may,mon,105,11,999,0,nonexistent,1.1,93.994,-36.4,4.858,5191,no
52,self-employed,married,basic.9y,unknown,yes,no,telephone,may,tue,90,4,999,0,nonexistent,1.1,93.994,-36.4,4.857,5191,yes
25,student,single,high.school,no,no,no,telephone,nov,tue,345,2,999,0,nonexistent,-3.4,92.649,-30.1,0.715,5017.5,no
31,entrepreneur,single,basic.6y,unknown,yes,no,telephone,jun,fri,12,3,999,0,nonexistent,1.4,94.465,-41.8,4.959,5228.1,yes
38,bluecollar,divorced,unknown,no,no,no,telephone,may,wed,258,3,999,0,nonexistent,1.1,93.994,-36.4,4.856,5191,no
52,bluecollar,married,basic.4y,no,yes,no,cellular,apr,wed,249,1,999,0,nonexistent,-1.8,93.075,-47.1,1.445,5099.1,yes
39,admin,divorced,university.degree,no,no,yes,cellular,jul,mon,375,3,999,0,nonexistent,-1.7,94.215,-40.3,0.827,4991.6,no
44,admin,divorced,high.school,no,yes,no,telephone,nov,mon,1628,2,6,1,success,-3.4,92.649,-30.1,0.719,5017.5,yes
39,admin,single,high.school,no,yes,no,cellular,jul,fri,361,1,999,0,nonexistent,1.4,93.918,-42.7,4.962,5228.1,no
54,retired,married,basic.4y,no,yes,no,cellular,apr,fri,840,3,999,0,nonexistent,-1.8,93.075,-47.1,1.405,5099.1,yes
55,retired,married,university.degree,no,yes,no,cellular,jul,fri,188,2,999,0,nonexistent,1.4,93.918,-42.7,4.963,5228.1,no
46,admin,divorced,basic.9y,no,yes,no,telephone,may,thu,56,2,999,0,nonexistent,1.1,93.994,-36.4,4.86,5191,yes
55,bluecollar,divorced,basic.4y,unknown,yes,no,cellular,apr,thu,164,1,999,1,failure,-1.8,93.075,-47.1,1.483,5099.1,no
45,services,married,high.school,no,yes,no,cellular,apr,wed,651,4,999,0,nonexistent,-1.8,93.075,-47.1,1.415,5099.1,yes
29,bluecollar,single,basic.9y,no,no,yes,cellular,oct,wed,107,2,999,0,nonexistent,-3.4,92.431,-26.9,0.735,5017.5,no
46,technician,divorced,professional.course,no,no,no,cellular,jul,tue,231,3,999,0,nonexistent,1.4,93.918,-42.7,4.961,5228.1,yes
50,unknown,married,unknown,unknown,yes,no,telephone,jul,tue,237,1,999,0,nonexistent,1.4,93.918,-42.7,4.961,5228.1,no
39,bluecollar,married,basic.4y,unknown,yes,yes,cellular,jul,tue,157,5,999,0,nonexistent,1.4,93.918,-42.7,4.961,5228.1,yes
50,admin,married,university.degree,no,no,yes,telephone,may,tue,20,4,999,0,nonexistent,1.1,93.994,-36.4,4.857,5191,no
34,admin,married,university.degree,no,no,no,telephone,may,tue,1167,1,999,0,nonexistent,1.1,93.994,-36.4,4.856,5191,yes
36,entrepreneur,married,university.degree,no,no,no,telephone,may,wed,386,3,999,0,nonexistent,1.1,93.994,-36.4,4.857,5191,no
29,bluecollar,single,basic.4y,no,yes,yes,cellular,nov,thu,104,5,999,0,nonexistent,-0.1,93.2,-42,4.076,5195.8,yes
43,housemaid,married,basic.4y,unknown,no,yes,telephone,may,wed,228,1,999,0,nonexistent,1.1,93.994,-36.4,4.858,5191,no
42,unemployed,married,high.school,unknown,no,no,telephone,may,mon,181,3,999,0,nonexistent,1.1,93.994,-36.4,4.857,5191,yes
51,housemaid,married,unknown,no,yes,no,cellular,aug,fri,121,1,999,0,nonexistent,-2.9,92.201,-31.4,0.881,5076.2,no
26,bluecollar,single,basic.9y,no,yes,no,cellular,jul,mon,369,1,999,0,nonexistent,1.4,93.918,-42.7,4.96,5228.1,yes
31,student,single,unknown,no,yes,no,cellular,aug,mon,868,3,18,3,failure,-1.7,94.027,-38.3,0.898,4991.6,no
36,technician,divorced,professional.course,no,no,no,telephone,may,wed,446,1,999,0,nonexistent,1.1,93.994,-36.4,4.856,5191,yes
28,bluecollar,married,basic.6y,unknown,no,no,cellular,may,mon,68,2,999,1,failure,-1.8,92.893,-46.2,1.299,5099.1,no
47,admin,single,unknown,unknown,no,no,telephone,may,thu,127,1,999,0,nonexistent,1.1,93.994,-36.4,4.86,5191,yes
34,admin,married,university.degree,no,no,no,cellular,aug,tue,109,1,999,0,nonexistent,1.4,93.444,-36.1,4.963,5228.1,no
38,technician,married,university.degree,no,yes,yes,cellular,mar,tue,113,1,999,1,failure,-1.8,92.843,-50,1.687,5099.1,yes
33,services,married,high.school,unknown,yes,no,telephone,jun,mon,393,3,999,0,nonexistent,1.4,94.465,-41.8,4.865,5228.1,no
51,technician,single,university.degree,no,no,no,cellular,jun,fri,151,2,999,0,nonexistent,-2.9,92.963,-40.8,1.268,5076.2,yes
30,bluecollar,single,basic.4y,unknown,yes,no,telephone,jun,tue,256,1,999,0,nonexistent,1.4,94.465,-41.8,4.864,5228.1,no
48,technician,married,university.degree,no,no,no,cellular,aug,thu,42,7,999,0,nonexistent,1.4,93.444,-36.1,4.962,5228.1,yes
28,bluecollar,single,basic.9y,no,yes,no,telephone,jun,wed,525,1,999,0,nonexistent,1.4,94.465,-41.8,4.864,5228.1,no
36,bluecollar,married,basic.6y,no,yes,no,telephone,may,wed,57,1,999,0,nonexistent,1.1,93.994,-36.4,4.859,5191,yes
46,management,divorced,high.school,no,no,no,cellular,nov,wed,499,1,999,0,nonexistent,-0.1,93.2,-42,4.12,5195.8,no
31,technician,single,unknown,no,yes,no,cellular,may,wed,84,1,999,1,failure,-1.8,92.893,-46.2,1.334,5099.1,yes
20,student,single,unknown,no,no,no,cellular,oct,mon,137,3,999,3,failure,-1.1,94.601,-49.5,0.977,4963.6,no
35,services,married,high.school,unknown,yes,no,cellular,may,tue,31,1,999,0,nonexistent,-1.8,92.893,-46.2,1.344,5099.1,yes
38,bluecollar,married,basic.9y,unknown,unknown,unknown,telephone,jun,fri,430,1,999,0,nonexistent,1.4,94.465,-41.8,4.967,5228.1,no
76,retired,married,university.degree,no,no,no,cellular,aug,thu,126,1,999,1,failure,-1.7,94.027,-38.3,0.899,4991.6,yes
45,entrepreneur,divorced,professional.course,no,yes,no,cellular,jul,tue,211,3,999,0,nonexistent,1.4,93.918,-42.7,4.961,5228.1,no
32,housemaid,married,basic.4y,no,yes,yes,cellular,may,fri,340,1,999,0,nonexistent,-1.8,92.893,-46.2,1.313,5099.1,yes
39,management,single,university.degree,unknown,no,no,cellular,may,thu,412,2,999,0,nonexistent,-1.8,92.893,-46.2,1.327,5099.1,no
32,admin,married,university.degree,no,no,no,telephone,nov,thu,132,1,999,0,nonexistent,-0.1,93.2,-42,4.592,5195.8,yes
29,admin,single,basic.9y,no,no,no,cellular,may,mon,79,2,999,0,nonexistent,-1.8,92.893,-46.2,1.299,5099.1,no
44,services,married,professional.course,no,no,no,cellular,aug,mon,341,2,999,0,nonexistent,1.4,93.444,-36.1,4.97,5228.1,yes
32,services,married,high.school,no,no,yes,cellular,jul,fri,157,3,999,0,nonexistent,1.4,93.918,-42.7,4.957,5228.1,no
56,retired,married,university.degree,no,yes,no,cellular,jun,wed,252,1,999,2,failure,-2.9,92.963,-40.8,1.26,5076.2,yes
33,bluecollar,married,basic.9y,no,yes,no,cellular,may,thu,263,1,999,0,nonexistent,-1.8,92.893,-46.2,1.327,5099.1,no
39,management,married,high.school,no,no,no,cellular,aug,fri,215,3,999,0,nonexistent,1.4,93.444,-36.1,4.966,5228.1,yes
47,bluecollar,married,basic.4y,unknown,yes,yes,telephone,jun,tue,168,1,999,0,nonexistent,1.4,94.465,-41.8,4.961,5228.1,no
54,bluecollar,single,basic.9y,no,yes,no,cellular,apr,fri,14,1,999,0,nonexistent,-1.8,93.075,-47.1,1.405,5099.1,yes
40,technician,married,professional.course,no,yes,no,cellular,aug,thu,258,6,999,0,nonexistent,1.4,93.444,-36.1,4.962,5228.1,no
29,admin,married,university.degree,no,no,yes,cellular,jun,tue,347,3,5,1,success,-1.7,94.055,-39.8,0.702,4991.6,yes
39,bluecollar,married,basic.9y,unknown,yes,no,cellular,may,mon,327,2,999,0,nonexistent,-1.8,92.893,-46.2,1.299,5099.1,no
55,bluecollar,married,basic.4y,no,no,no,cellular,jul,wed,525,2,999,0,nonexistent,1.4,93.918,-42.7,4.957,5228.1,yes
43,technician,married,professional.course,no,no,no,telephone,may,fri,265,2,999,0,nonexistent,1.1,93.994,-36.4,4.864,5191,no
26,self-employed,single,university.degree,no,no,no,cellular,may,wed,78,1,999,0,nonexistent,-1.8,92.893,-46.2,1.27,5099.1,yes
33,technician,divorced,professional.course,no,yes,no,cellular,aug,mon,170,2,999,0,nonexistent,1.4,93.444,-36.1,4.97,5228.1,no
42,entrepreneur,married,basic.4y,unknown,yes,no,telephone,jul,thu,485,2,999,0,nonexistent,1.4,93.918,-42.7,4.958,5228.1,yes
36,admin,married,university.degree,no,yes,no,cellular,apr,mon,506,2,999,0,nonexistent,-1.8,93.075,-47.1,1.405,5099.1,no
33,bluecollar,married,basic.6y,no,yes,no,cellular,apr,wed,351,3,999,0,nonexistent,-1.8,93.075,-47.1,1.498,5099.1,yes
36,technician,single,high.school,no,yes,yes,cellular,aug,tue,629,7,999,0,nonexistent,1.4,93.444,-36.1,4.963,5228.1,no
45,unknown,married,unknown,unknown,no,no,telephone,may,tue,315,1,999,0,nonexistent,1.1,93.994,-36.4,4.857,5191,yes
39,technician,married,professional.course,no,no,no,telephone,may,tue,273,2,999,0,nonexistent,1.1,93.994,-36.4,4.856,5191,no
36,admin,unknown,university.degree,no,yes,no,cellular,aug,wed,529,1,999,0,nonexistent,1.4,93.444,-36.1,4.965,5228.1,yes
28,admin,married,university.degree,no,no,no,cellular,aug,fri,161,4,999,0,nonexistent,-1.7,94.027,-38.3,0.898,4991.6,no
38,bluecollar,married,basic.9y,no,no,no,telephone,jun,wed,333,1,999,0,nonexistent,1.4,94.465,-41.8,4.958,5228.1,yes
49,bluecollar,married,basic.4y,unknown,no,no,telephone,may,fri,122,4,999,0,nonexistent,1.1,93.994,-36.4,4.855,5191,no
38,management,single,university.degree,no,no,no,cellular,jul,wed,76,17,999,0,nonexistent,1.4,93.918,-42.7,4.963,5228.1,yes
36,bluecollar,single,basic.9y,no,no,no,cellular,jul,mon,234,2,999,0,nonexistent,1.4,93.918,-42.7,4.962,5228.1,no
51,bluecollar,married,university.degree,no,yes,no,cellular,may,fri,99,3,999,0,nonexistent,-1.8,92.893,-46.2,1.313,5099.1,yes
57,retired,married,professional.course,unknown,no,yes,cellular,jul,tue,1720,4,999,0,nonexistent,1.4,93.918,-42.7,4.962,5228.1,no
44,services,divorced,high.school,no,yes,no,cellular,may,thu,533,1,999,0,nonexistent,-1.8,92.893,-46.2,1.266,5099.1,yes
27,admin,single,university.degree,no,yes,no,cellular,aug,wed,429,2,999,0,nonexistent,-2.9,92.201,-31.4,0.879,5076.2,no
58,management,divorced,university.degree,no,yes,no,telephone,jul,wed,174,5,999,0,nonexistent,1.4,93.918,-42.7,4.957,5228.1,yes
28,services,single,high.school,no,no,no,telephone,jun,tue,406,3,999,0,nonexistent,1.4,94.465,-41.8,4.961,5228.1,no
41,admin,married,university.degree,no,no,no,cellular,aug,tue,766,2,999,0,nonexistent,1.4,93.444,-36.1,4.968,5228.1,yes
34,bluecollar,married,basic.9y,no,yes,no,telephone,jun,fri,232,2,999,0,nonexistent,1.4,94.465,-41.8,4.959,5228.1,no
29,services,single,high.school,no,yes,yes,cellular,jun,wed,431,2,999,2,failure,-2.9,92.963,-40.8,1.26,5076.2,yes
55,bluecollar,divorced,basic.4y,unknown,no,no,cellular,may,wed,130,1,999,1,failure,-1.8,92.893,-46.2,1.281,5099.1,no
37,technician,single,university.degree,no,yes,no,cellular,aug,tue,481,2,999,4,failure,-1.7,94.027,-38.3,0.899,4991.6,yes
18,student,single,unknown,no,yes,no,cellular,may,thu,183,1,7,2,success,-1.8,93.876,-40,0.677,5008.7,no
39,bluecollar,married,professional.course,unknown,yes,no,telephone,jun,thu,27,1,999,0,nonexistent,1.4,94.465,-41.8,4.866,5228.1,yes
36,bluecollar,married,basic.9y,no,no,no,telephone,may,wed,360,2,999,0,nonexistent,1.1,93.994,-36.4,4.859,5191,no
34,bluecollar,married,basic.9y,no,no,yes,cellular,may,wed,50,1,999,0,nonexistent,-1.8,92.893,-46.2,1.334,5099.1,yes
35,bluecollar,married,basic.9y,no,yes,no,cellular,nov,mon,212,1,999,2,failure,-1.1,94.767,-50.8,1.05,4963.6,no
36,unemployed,married,university.degree,no,no,no,cellular,jul,thu,616,2,999,0,nonexistent,1.4,93.918,-42.7,4.968,5228.1,yes
55,admin,married,high.school,no,no,yes,cellular,apr,wed,307,1,999,1,failure,-1.8,93.075,-47.1,1.405,5099.1,no
50,bluecollar,married,basic.4y,no,no,no,cellular,jul,mon,1130,3,999,0,nonexistent,1.4,93.918,-42.7,4.962,5228.1,yes
37,bluecollar,married,professional.course,no,yes,no,cellular,apr,mon,93,4,999,0,nonexistent,-1.8,93.075,-47.1,1.405,5099.1,no
24,student,single,high.school,no,no,no,telephone,jun,wed,132,1,999,0,nonexistent,1.4,94.465,-41.8,4.864,5228.1,yes
57,technician,married,university.degree,unknown,no,yes,telephone,may,mon,76,5,999,0,nonexistent,1.1,93.994,-36.4,4.857,5191,no
59,retired,divorced,high.school,no,yes,no,cellular,apr,thu,247,2,999,1,failure,-1.8,93.749,-34.6,0.644,5008.7,yes
32,admin,single,university.degree,no,yes,yes,cellular,sep,tue,69,2,999,0,nonexistent,-3.4,92.379,-29.8,0.819,5017.5,no
36,self-employed,divorced,professional.course,unknown,yes,yes,cellular,jul,tue,110,4,999,0,nonexistent,1.4,93.918,-42.7,4.961,5228.1,yes
48,management,married,university.degree,no,yes,yes,cellular,nov,tue,747,2,999,0,nonexistent,-3.4,92.649,-30.1,0.715,5017.5,no
33,admin,single,university.degree,unknown,unknown,unknown,cellular,aug,tue,313,3,999,0,nonexistent,1.4,93.444,-36.1,4.963,5228.1,yes
43,technician,divorced,professional.course,no,yes,no,telephone,jun,mon,99,3,999,0,nonexistent,1.4,94.465,-41.8,4.961,5228.1,no
39,bluecollar,married,unknown,no,no,no,telephone,may,fri,496,4,999,0,nonexistent,1.1,93.994,-36.4,4.857,5191,yes
26,bluecollar,single,high.school,no,no,no,cellular,may,fri,49,3,999,0,nonexistent,-1.8,92.893,-46.2,1.25,5099.1,no
47,admin,divorced,high.school,no,yes,no,cellular,sep,tue,188,1,3,1,success,-3.4,92.379,-29.8,0.77,5017.5,yes
24,technician,single,professional.course,no,yes,no,cellular,jul,wed,171,5,999,0,nonexistent,1.4,93.918,-42.7,4.962,5228.1,no
35,self-employed,married,university.degree,no,no,no,telephone,nov,mon,81,1,999,0,nonexistent,-0.1,93.2,-42,4.191,5195.8,yes
26,student,single,basic.9y,no,yes,no,cellular,oct,tue,75,2,999,1,failure,-3.4,92.431,-26.9,0.742,5017.5,no
31,unemployed,single,university.degree,no,yes,no,cellular,may,tue,11,9,999,0,nonexistent,-1.8,92.893,-46.2,1.344,5099.1,yes
33,bluecollar,single,high.school,no,no,no,cellular,may,mon,2301,1,999,0,nonexistent,-1.8,92.893,-46.2,1.244,5099.1,no
53,admin,single,high.school,no,yes,yes,telephone,apr,wed,75,3,999,0,nonexistent,-1.8,93.075,-47.1,1.372,5099.1,yes
43,technician,married,professional.course,no,no,no,cellular,may,thu,460,1,999,1,failure,-1.8,93.876,-40,0.699,5008.7,no
34,technician,single,professional.course,no,yes,yes,telephone,aug,mon,64,1,999,0,nonexistent,1.4,93.444,-36.1,4.97,5228.1,yes
41,technician,single,professional.course,no,yes,no,cellular,aug,tue,54,1,999,0,nonexistent,1.4,93.444,-36.1,4.968,5228.1,no
33,bluecollar,married,basic.6y,unknown,no,no,cellular,may,wed,139,2,999,0,nonexistent,-1.8,92.893,-46.2,1.281,5099.1,yes
33,technician,married,professional.course,no,no,no,telephone,jun,mon,220,4,999,0,nonexistent,1.4,94.465,-41.8,4.961,5228.1,no
47,technician,married,unknown,unknown,yes,no,cellular,jul,wed,239,2,999,0,nonexistent,1.4,93.918,-42.7,4.957,5228.1,yes
29,admin,married,high.school,no,yes,yes,cellular,aug,mon,36,3,999,0,nonexistent,1.4,93.444,-36.1,4.963,5228.1,no
25,bluecollar,single,basic.9y,no,no,no,cellular,may,fri,170,2,999,0,nonexistent,-1.8,92.893,-46.2,1.25,5099.1,yes
35,admin,married,high.school,unknown,no,no,telephone,may,mon,66,4,999,0,nonexistent,1.1,93.994,-36.4,4.857,5191,no
29,technician,married,professional.course,no,yes,no,cellular,jul,wed,332,1,999,0,nonexistent,1.4,93.918,-42.7,4.962,5228.1,yes
57,retired,married,university.degree,no,no,no,cellular,apr,thu,81,1,999,1,failure,-1.8,93.075,-47.1,1.365,5099.1,no
49,unemployed,married,basic.6y,unknown,no,no,cellular,apr,mon,68,5,999,1,failure,-1.8,93.075,-47.1,1.405,5099.1,yes
35,admin,married,university.degree,no,yes,no,telephone,may,fri,150,1,999,0,nonexistent,1.1,93.994,-36.4,4.859,5191,no
31,bluecollar,married,basic.6y,no,no,no,telephone,may,wed,439,2,999,0,nonexistent,1.1,93.994,-36.4,4.857,5191,yes
43,admin,married,high.school,no,no,no,cellular,nov,tue,127,1,999,0,nonexistent,-0.1,93.2,-42,4.153,5195.8,no
34,bluecollar,married,basic.6y,no,yes,no,cellular,jul,mon,320,1,999,0,nonexistent,1.4,93.918,-42.7,4.96,5228.1,yes
38,admin,single,university.degree,no,yes,no,telephone,jun,tue,284,1,999,0,nonexistent,1.4,94.465,-41.8,4.864,5228.1,no
43,admin,married,university.degree,no,yes,no,cellular,aug,wed,281,4,999,0,nonexistent,1.4,93.444,-36.1,4.964,5228.1,yes
38,management,married,university.degree,no,yes,no,cellular,nov,thu,83,1,999,0,nonexistent,-0.1,93.2,-42,4.076,5195.8,no
46,bluecollar,married,professional.course,no,no,no,telephone,may,wed,247,1,999,0,nonexistent,1.1,93.994,-36.4,4.857,5191,yes
39,admin,single,high.school,unknown,no,no,telephone,may,thu,344,2,999,0,nonexistent,1.1,93.994,-36.4,4.86,5191,no
47,entrepreneur,married,professional.course,no,no,no,telephone,may,tue,400,2,999,0,nonexistent,1.1,93.994,-36.4,4.857,5191,yes
25,bluecollar,single,basic.4y,no,yes,no,telephone,may,fri,304,2,999,0,nonexistent,1.1,93.994,-36.4,4.859,5191,no
38,management,married,high.school,no,no,no,telephone,may,tue,776,1,999,0,nonexistent,1.1,93.994,-36.4,4.857,5191,yes
36,technician,married,professional.course,no,no,yes,telephone,jun,thu,247,2,999,0,nonexistent,1.4,94.465,-41.8,4.958,5228.1,no
30,admin,married,university.degree,no,yes,no,cellular,apr,tue,496,1,999,0,nonexistent,-1.8,93.075,-47.1,1.423,5099.1,yes
34,admin,single,university.degree,no,yes,no,cellular,mar,tue,568,1,6,3,success,-1.8,93.369,-34.8,0.652,5008.7,no
47,self-employed,married,university.degree,no,unknown,unknown,cellular,aug,tue,95,4,999,0,nonexistent,1.4,93.444,-36.1,4.965,5228.1,yes
46,entrepreneur,married,high.school,no,yes,no,cellular,aug,mon,109,1,999,0,nonexistent,-2.9,92.201,-31.4,0.861,5076.2,no
45,admin,married,basic.9y,no,yes,no,telephone,may,wed,173,1,999,0,nonexistent,1.1,93.994,-36.4,4.857,5191,yes
38,housemaid,married,university.degree,no,yes,no,cellular,aug,tue,295,2,999,0,nonexistent,1.4,93.444,-36.1,4.968,5228.1,no
30,housemaid,married,high.school,no,yes,no,telephone,may,wed,207,1,999,0,nonexistent,1.1,93.994,-36.4,4.858,5191,yes
31,management,divorced,university.degree,no,yes,no,cellular,may,fri,156,2,999,0,nonexistent,-1.8,92.893,-46.2,1.313,5099.1,no
52,admin,divorced,high.school,no,no,no,cellular,jul,fri,87,5,999,0,nonexistent,1.4,93.918,-42.7,4.962,5228.1,yes
48,unemployed,divorced,basic.4y,no,no,yes,telephone,jun,mon,119,2,999,0,nonexistent,1.4,94.465,-41.8,4.96,5228.1,no
27,bluecollar,single,basic.6y,no,no,no,telephone,jul,tue,68,3,999,0,nonexistent,1.4,93.918,-42.7,4.961,5228.1,yes
43,bluecollar,married,basic.4y,unknown,yes,no,telephone,jun,wed,173,1,999,0,nonexistent,1.4,94.465,-41.8,4.962,5228.1,no
45,bluecollar,married,basic.6y,unknown,no,no,telephone,jun,thu,333,1,999,0,nonexistent,1.4,94.465,-41.8,4.866,5228.1,yes
32,admin,married,university.degree,no,yes,yes,cellular,aug,wed,152,2,999,0,nonexistent,1.4,93.444,-36.1,4.964,5228.1,no
30,admin,married,university.degree,unknown,yes,no,cellular,aug,mon,142,2,999,0,nonexistent,1.4,93.444,-36.1,4.963,5228.1,yes
60,retired,married,professional.course,no,yes,no,cellular,aug,thu,448,3,999,0,nonexistent,1.4,93.444,-36.1,4.968,5228.1,no
32,admin,single,basic.9y,no,yes,no,cellular,jul,thu,77,2,999,0,nonexistent,1.4,93.918,-42.7,4.958,5228.1,yes
32,bluecollar,married,basic.9y,no,no,no,telephone,jun,mon,78,1,999,0,nonexistent,1.4,94.465,-41.8,4.961,5228.1,no
54,entrepreneur,married,university.degree,no,yes,no,telephone,jun,wed,39,2,999,0,nonexistent,1.4,94.465,-41.8,4.864,5228.1,yes
53,management,married,high.school,no,yes,no,cellular,may,mon,8,3,999,0,nonexistent,-1.8,92.893,-46.2,1.354,5099.1,no
36,admin,single,unknown,no,no,no,cellular,jul,tue,209,1,999,0,nonexistent,1.4,93.918,-42.7,4.961,5228.1,yes
27,technician,single,high.school,no,yes,no,telephone,may,thu,43,2,999,0,nonexistent,1.1,93.994,-36.4,4.855,5191,no
29,bluecollar,married,basic.6y,no,no,no,cellular,may,tue,342,1,999,1,failure,-1.8,92.893,-46.2,1.291,5099.1,yes
55,unemployed,single,basic.4y,unknown,unknown,unknown,telephone,may,fri,147,7,999,0,nonexistent,1.1,93.994,-36.4,4.855,5191,no
38,admin,married,high.school,no,yes,no,telephone,may,thu,26,3,999,0,nonexistent,1.1,93.994,-36.4,4.86,5191,yes
28,bluecollar,single,basic.4y,unknown,no,no,cellular,jul,wed,186,1,999,0,nonexistent,1.4,93.918,-42.7,4.963,5228.1,no
37,admin,single,high.school,no,yes,no,cellular,jul,tue,316,2,999,0,nonexistent,1.4,93.918,-42.7,4.961,5228.1,yes
37,housemaid,married,high.school,unknown,yes,no,cellular,aug,thu,481,1,999,0,nonexistent,1.4,93.444,-36.1,4.968,5228.1,no
30,technician,single,university.degree,unknown,yes,no,cellular,aug,thu,78,1,999,0,nonexistent,1.4,93.444,-36.1,4.968,5228.1,yes
32,admin,single,university.degree,no,yes,no,cellular,aug,thu,159,1,999,0,nonexistent,1.4,93.444,-36.1,4.964,5228.1,no
43,technician,single,university.degree,no,yes,no,cellular,jul,thu,534,1,999,0,nonexistent,1.4,93.918,-42.7,4.958,5228.1,yes
35,bluecollar,single,basic.9y,no,yes,no,cellular,jul,mon,126,3,999,0,nonexistent,1.4,93.918,-42.7,4.962,5228.1,no
47,bluecollar,married,unknown,unknown,no,no,telephone,may,tue,1334,1,999,0,nonexistent,1.1,93.994,-36.4,4.856,5191,yes
42,technician,married,professional.course,no,no,no,cellular,aug,thu,295,1,6,2,success,-1.7,94.027,-38.3,0.899,4991.6,no
39,bluecollar,married,basic.6y,no,yes,no,cellular,nov,thu,391,2,999,0,nonexistent,-0.1,93.2,-42,4.076,5195.8,yes
41,entrepreneur,married,university.degree,no,yes,no,telephone,may,wed,1138,1,999,0,nonexistent,1.1,93.994,-36.4,4.856,5191,no
38,admin,married,professional.course,no,no,no,cellular,jul,mon,182,3,999,0,nonexistent,1.4,93.918,-42.7,4.96,5228.1,yes
29,services,single,high.school,unknown,yes,no,cellular,jul,fri,289,2,999,0,nonexistent,1.4,93.918,-42.7,4.963,5228.1,no
33,bluecollar,married,basic.9y,no,yes,no,cellular,jul,wed,1019,11,999,0,nonexistent,1.4,93.918,-42.7,4.957,5228.1,yes
41,admin,single,university.degree,no,yes,no,cellular,apr,mon,279,1,999,0,nonexistent,-1.8,93.075,-47.1,1.405,5099.1,no
45,management,married,basic.9y,no,yes,no,cellular,may,thu,165,1,999,3,failure,-1.8,93.876,-40,0.692,5008.7,yes
35,admin,married,university.degree,no,yes,no,cellular,aug,tue,146,3,999,0,nonexistent,1.4,93.444,-36.1,4.968,5228.1,no
56,retired,married,basic.6y,no,yes,no,telephone,apr,mon,172,1,999,0,nonexistent,-1.8,93.075,-47.1,1.466,5099.1,yes
30,admin,single,university.degree,no,yes,no,cellular,may,mon,188,1,999,0,nonexistent,-1.8,92.893,-46.2,1.299,5099.1,no
41,management,divorced,university.degree,unknown,yes,yes,telephone,may,thu,341,2,999,0,nonexistent,1.1,93.994,-36.4,4.855,5191,yes
41,bluecollar,married,basic.9y,unknown,no,no,telephone,may,mon,105,2,999,0,nonexistent,1.1,93.994,-36.4,4.858,5191,no
31,technician,married,professional.course,no,no,no,telephone,may,mon,157,5,999,0,nonexistent,1.1,93.994,-36.4,4.857,5191,yes
29,technician,single,professional.course,no,yes,yes,cellular,aug,fri,202,1,999,0,nonexistent,1.4,93.444,-36.1,4.964,5228.1,no
38,unknown,divorced,high.school,unknown,yes,no,telephone,may,mon,73,1,999,0,nonexistent,1.1,93.994,-36.4,4.857,5191,yes
48,bluecollar,married,basic.9y,no,no,no,telephone,may,tue,284,2,999,0,nonexistent,1.1,93.994,-36.4,4.857,5191,no
24,student,single,high.school,no,yes,yes,cellular,jul,tue,316,3,999,1,failure,-1.7,94.215,-40.3,0.835,4991.6,yes
53,bluecollar,divorced,basic.4y,no,no,no,cellular,jul,tue,64,1,999,0,nonexistent,1.4,93.918,-42.7,4.961,5228.1,no
56,self-employed,married,basic.9y,no,yes,no,telephone,aug,wed,41,7,999,0,nonexistent,1.4,93.444,-36.1,4.964,5228.1,yes
32,technician,single,university.degree,unknown,yes,no,cellular,aug,wed,322,1,999,0,nonexistent,1.4,93.444,-36.1,4.964,5228.1,no
29,admin,single,university.degree,no,no,no,cellular,apr,thu,71,2,999,0,nonexistent,-1.8,93.075,-47.1,1.41,5099.1,yes
32,management,married,university.degree,no,yes,no,cellular,aug,thu,106,1,999,0,nonexistent,1.4,93.444,-36.1,4.964,5228.1,no
28,student,single,high.school,no,yes,yes,telephone,jun,wed,604,6,999,0,nonexistent,1.4,94.465,-41.8,4.962,5228.1,yes
33,technician,single,professional.course,no,yes,no,cellular,may,wed,201,1,999,1,failure,-1.8,92.893,-46.2,1.281,5099.1,no
28,technician,divorced,university.degree,no,no,no,cellular,jul,wed,265,1,999,0,nonexistent,1.4,93.918,-42.7,4.962,5228.1,yes
43,bluecollar,married,basic.4y,unknown,yes,no,telephone,may,wed,180,5,999,0,nonexistent,1.1,93.994,-36.4,4.856,5191,no
54,management,married,university.degree,no,yes,no,cellular,may,fri,173,1,999,0,nonexistent,-1.8,92.893,-46.2,1.25,5099.1,yes
31,bluecollar,single,basic.4y,no,yes,no,cellular,nov,thu,111,2,999,0,nonexistent,-0.1,93.2,-42,4.076,5195.8,no
36,admin,single,high.school,no,yes,no,telephone,jul,thu,140,1,999,0,nonexistent,1.4,93.918,-42.7,4.963,5228.1,yes
56,retired,married,professional.course,no,no,no,cellular,jul,wed,135,1,999,0,nonexistent,1.4,93.918,-42.7,4.963,5228.1,no
45,technician,married,high.school,no,yes,yes,cellular,aug,tue,474,1,999,0,nonexistent,1.4,93.444,-36.1,4.963,5228.1,yes
54,technician,married,basic.6y,no,no,no,cellular,jul,thu,112,1,999,0,nonexistent,1.4,93.918,-42.7,4.962,5228.1,no
48,services,married,high.school,no,yes,no,cellular,apr,fri,193,2,999,0,nonexistent,-1.8,93.075,-47.1,1.405,5099.1,yes
60,management,married,unknown,unknown,yes,no,telephone,jun,mon,35,1,999,0,nonexistent,1.4,94.465,-41.8,4.96,5228.1,no
35,admin,married,university.degree,no,yes,no,cellular,aug,wed,252,5,999,0,nonexistent,1.4,93.444,-36.1,4.967,5228.1,yes
27,services,single,high.school,no,yes,no,cellular,may,thu,88,1,999,1,failure,-1.8,92.893,-46.2,1.266,5099.1,no
51,admin,married,university.degree,no,yes,no,cellular,aug,thu,212,1,999,0,nonexistent,-2.9,92.201,-31.4,0.829,5076.2,yes
40,admin,single,university.degree,no,no,no,telephone,jun,thu,136,2,999,0,nonexistent,1.4,94.465,-41.8,4.961,5228.1,no
36,admin,married,high.school,no,yes,no,cellular,nov,mon,88,2,999,0,nonexistent,-0.1,93.2,-42,4.191,5195.8,yes
34,management,married,university.degree,no,no,no,telephone,nov,thu,29,1,999,0,nonexistent,-0.1,93.2,-42,4.076,5195.8,no
44,services,married,high.school,no,yes,no,cellular,may,tue,10,5,999,0,nonexistent,-1.8,92.893,-46.2,1.344,5099.1,yes
37,technician,single,professional.course,no,yes,no,cellular,aug,thu,286,2,999,0,nonexistent,1.4,93.444,-36.1,4.964,5228.1,no
46,bluecollar,married,unknown,no,yes,no,telephone,jul,fri,257,1,999,0,nonexistent,1.4,93.918,-42.7,4.959,5228.1,yes
52,bluecollar,married,basic.4y,no,yes,no,cellular,aug,fri,362,2,999,0,nonexistent,1.4,93.444,-36.1,4.966,5228.1,no
23,admin,single,university.degree,no,no,yes,cellular,apr,wed,343,5,999,0,nonexistent,-1.8,93.075,-47.1,1.405,5099.1,yes
39,admin,married,university.degree,no,yes,no,telephone,may,mon,36,6,999,0,nonexistent,-1.8,92.893,-46.2,1.354,5099.1,no
34,technician,single,professional.course,no,yes,yes,cellular,mar,fri,136,1,999,0,nonexistent,-1.8,92.843,-50,1.726,5099.1,yes
36,management,divorced,university.degree,no,yes,no,cellular,jun,mon,422,1,3,4,success,-1.7,94.055,-39.8,0.72,4991.6,no
43,bluecollar,married,basic.6y,no,yes,no,cellular,may,tue,286,1,999,1,failure,-1.8,92.893,-46.2,1.344,5099.1,yes
45,technician,single,professional.course,no,yes,no,telephone,may,tue,121,4,999,0,nonexistent,1.1,93.994,-36.4,4.857,5191,no
86,retired,married,unknown,unknown,yes,no,cellular,sep,tue,340,1,999,0,nonexistent,-1.1,94.199,-37.5,0.877,4963.6,yes
34,bluecollar,married,professional.course,no,yes,no,cellular,apr,fri,377,1,999,0,nonexistent,-1.8,93.075,-47.1,1.405,5099.1,no
37,entrepreneur,divorced,high.school,no,no,no,cellular,nov,wed,298,2,999,0,nonexistent,-3.4,92.649,-30.1,0.719,5017.5,yes
32,technician,married,high.school,no,yes,no,cellular,aug,mon,55,1,999,0,nonexistent,1.4,93.444,-36.1,4.965,5228.1,no
37,technician,single,university.degree,no,yes,no,cellular,jun,fri,300,1,999,2,failure,-1.7,94.055,-39.8,0.748,4991.6,yes
66,housemaid,married,high.school,no,yes,no,cellular,may,fri,210,1,999,0,nonexistent,-1.8,92.893,-46.2,1.259,5099.1,no
32,technician,married,basic.9y,no,no,no,cellular,jul,fri,271,5,999,0,nonexistent,1.4,93.918,-42.7,4.963,5228.1,yes
35,services,married,basic.9y,no,yes,no,telephone,apr,mon,26,4,999,2,failure,-1.8,93.075,-47.1,1.405,5099.1,no
30,self-employed,married,university.degree,no,no,no,cellular,jun,mon,212,4,999,0,nonexistent,-1.7,94.055,-39.8,0.72,4991.6,yes
33,services,married,high.school,unknown,no,no,telephone,may,tue,131,1,999,0,nonexistent,1.1,93.994,-36.4,4.856,5191,no
57,bluecollar,married,basic.4y,no,yes,no,cellular,may,tue,145,1,999,0,nonexistent,-1.8,92.893,-46.2,1.344,5099.1,yes
57,retired,single,basic.4y,no,yes,no,telephone,jun,thu,107,1,999,0,nonexistent,1.4,94.465,-41.8,4.961,5228.1,no
47,services,divorced,basic.4y,unknown,no,no,cellular,jul,wed,67,6,999,0,nonexistent,1.4,93.918,-42.7,4.963,5228.1,yes
56,services,divorced,high.school,unknown,no,no,telephone,may,fri,185,2,999,0,nonexistent,1.1,93.994,-36.4,4.855,5191,no
38,admin,married,university.degree,no,yes,yes,cellular,aug,fri,62,1,999,0,nonexistent,1.4,93.444,-36.1,4.963,5228.1,yes
40,admin,divorced,high.school,no,yes,yes,cellular,jul,mon,52,10,999,0,nonexistent,1.4,93.918,-42.7,4.962,5228.1,no
59,entrepreneur,married,university.degree,unknown,no,no,telephone,may,thu,146,1,999,0,nonexistent,1.1,93.994,-36.4,4.86,5191,yes
31,self-employed,single,university.degree,no,no,no,cellular,dec,wed,854,1,999,0,nonexistent,-3,92.713,-33,0.715,5023.5,no
34,technician,single,university.degree,no,yes,no,cellular,aug,thu,244,1,999,0,nonexistent,1.4,93.444,-36.1,4.964,5228.1,yes
28,unemployed,single,basic.9y,no,no,yes,cellular,aug,tue,261,1,999,1,failure,-1.7,94.027,-38.3,0.899,4991.6,no
40,services,married,high.school,no,yes,yes,telephone,may,fri,141,9,999,0,nonexistent,1.1,93.994,-36.4,4.864,5191,yes
42,technician,married,high.school,no,yes,no,cellular,apr,thu,163,1,999,0,nonexistent,-1.8,93.075,-47.1,1.406,5099.1,no
49,admin,married,basic.9y,no,yes,no,cellular,aug,mon,161,4,999,0,nonexistent,1.4,93.444,-36.1,4.963,5228.1,yes
48,admin,married,high.school,unknown,yes,yes,cellular,jul,thu,64,1,999,0,nonexistent,1.4,93.918,-42.7,4.958,5228.1,no
41,technician,single,university.degree,unknown,no,no,telephone,may,wed,79,8,999,0,nonexistent,1.1,93.994,-36.4,4.856,5191,yes
37,technician,married,university.degree,no,yes,no,cellular,oct,wed,364,1,999,1,failure,-3.4,92.431,-26.9,0.742,5017.5,no
39,services,married,high.school,no,yes,yes,telephone,jun,mon,149,1,999,0,nonexistent,1.4,94.465,-41.8,4.961,5228.1,yes
42,services,single,basic.6y,no,yes,yes,cellular,may,wed,11,8,999,0,nonexistent,-1.8,92.893,-46.2,1.281,5099.1,no
32,services,married,high.school,no,no,no,cellular,apr,fri,1090,1,999,0,nonexistent,-1.8,93.075,-47.1,1.479,5099.1,yes
47,admin,married,high.school,no,yes,no,cellular,aug,tue,145,1,999,0,nonexistent,1.4,93.444,-36.1,4.968,5228.1,no
35,admin,married,professional.course,no,no,no,cellular,jul,tue,139,1,999,0,nonexistent,1.4,93.918,-42.7,4.961,5228.1,yes
60,admin,married,basic.9y,no,yes,no,cellular,aug,thu,259,1,999,0,nonexistent,1.4,93.444,-36.1,4.962,5228.1,no
30,bluecollar,married,basic.9y,unknown,yes,no,cellular,jul,thu,18,11,999,0,nonexistent,1.4,93.918,-42.7,4.958,5228.1,yes
54,entrepreneur,married,basic.9y,no,no,yes,telephone,jun,fri,249,6,999,0,nonexistent,1.4,94.465,-41.8,4.967,5228.1,no
39,bluecollar,married,basic.4y,unknown,yes,no,telephone,may,wed,85,1,999,0,nonexistent,1.1,93.994,-36.4,4.858,5191,yes
61,unknown,single,basic.4y,no,yes,yes,cellular,may,tue,131,3,999,0,nonexistent,-1.8,92.893,-46.2,1.266,5099.1,no
43,unemployed,married,basic.9y,unknown,yes,yes,cellular,nov,mon,252,3,999,0,nonexistent,-0.1,93.2,-42,4.191,5195.8,yes
32,technician,single,university.degree,unknown,no,no,telephone,may,wed,857,1,999,0,nonexistent,1.1,93.994,-36.4,4.858,5191,no
48,bluecollar,married,professional.course,no,yes,yes,telephone,may,tue,231,1,999,0,nonexistent,1.1,93.994,-36.4,4.857,5191,yes
37,entrepreneur,divorced,university.degree,no,no,yes,cellular,may,thu,95,3,999,0,nonexistent,-1.8,92.893,-46.2,1.27,5099.1,no
34,bluecollar,married,basic.6y,no,no,no,cellular,may,wed,168,3,999,0,nonexistent,-1.8,92.893,-46.2,1.334,5099.1,yes
41,admin,married,university.degree,no,yes,no,cellular,jul,fri,269,7,6,3,success,-1.7,94.215,-40.3,0.896,4991.6,no
36,self-employed,married,high.school,unknown,yes,no,cellular,aug,mon,101,1,999,0,nonexistent,1.4,93.444,-36.1,4.963,5228.1,yes
33,services,married,high.school,no,no,no,telephone,may,wed,147,1,999,0,nonexistent,1.1,93.994,-36.4,4.857,5191,no
36,admin,married,university.degree,no,yes,no,telephone,jun,tue,120,11,999,0,nonexistent,1.4,94.465,-41.8,4.864,5228.1,yes
58,housemaid,married,basic.4y,unknown,no,no,cellular,jul,tue,533,1,999,0,nonexistent,1.4,93.918,-42.7,4.961,5228.1,no
40,services,married,high.school,no,no,no,cellular,apr,mon,377,3,999,1,failure,-1.8,93.075,-47.1,1.466,5099.1,yes
36,management,married,university.degree,no,yes,no,cellular,nov,wed,161,2,999,0,nonexistent,-0.1,93.2,-42,4.12,5195.8,no
49,admin,divorced,high.school,no,yes,no,cellular,may,tue,181,4,999,1,failure,-1.8,92.893,-46.2,1.291,5099.1,yes
45,bluecollar,married,unknown,no,yes,yes,cellular,apr,fri,637,1,999,0,nonexistent,-1.8,93.075,-47.1,1.405,5099.1,no
36,self-employed,single,university.degree,no,no,yes,cellular,jun,mon,458,1,4,4,success,-1.7,94.055,-39.8,0.72,4991.6,yes
32,unemployed,single,professional.course,no,yes,yes,cellular,jun,wed,310,1,999,0,nonexistent,-1.7,94.055,-39.8,0.704,4991.6,no
55,entrepreneur,divorced,unknown,no,no,no,cellular,jul,tue,67,9,999,0,nonexistent,1.4,93.918,-42.7,4.961,5228.1,yes
28,bluecollar,married,basic.9y,no,yes,no,cellular,jul,mon,497,1,999,0,nonexistent,1.4,93.918,-42.7,4.96,5228.1,no
76,retired,married,professional.course,unknown,yes,no,cellular,jun,tue,352,1,3,1,success,-1.7,94.055,-39.8,0.761,4991.6,yes
46,management,married,university.degree,no,yes,no,cellular,may,thu,247,2,999,1,failure,-1.8,92.893,-46.2,1.327,5099.1,no
28,management,single,university.degree,no,yes,no,cellular,sep,tue,368,1,999,0,nonexistent,-3.4,92.379,-29.8,0.819,5017.5,yes
30,technician,married,high.school,unknown,yes,no,cellular,may,thu,115,3,999,0,nonexistent,-1.8,92.893,-46.2,1.266,5099.1,no
52,housemaid,single,university.degree,no,no,no,cellular,jul,thu,188,3,999,0,nonexistent,1.4,93.918,-42.7,4.958,5228.1,yes
42,technician,divorced,basic.9y,no,no,no,telephone,may,tue,474,1,999,0,nonexistent,1.1,93.994,-36.4,4.857,5191,no
51,management,divorced,university.degree,no,no,no,telephone,may,tue,269,10,999,0,nonexistent,1.1,93.994,-36.4,4.857,5191,yes
29,technician,unknown,high.school,no,yes,no,cellular,aug,wed,536,1,999,0,nonexistent,1.4,93.444,-36.1,4.965,5228.1,no
47,housemaid,divorced,basic.4y,unknown,yes,yes,telephone,nov,wed,475,2,999,0,nonexistent,-0.1,93.2,-42,4.12,5195.8,yes
56,technician,divorced,university.degree,no,no,no,cellular,nov,fri,178,2,3,1,success,-3.4,92.649,-30.1,0.716,5017.5,no
33,bluecollar,single,basic.4y,no,no,no,cellular,may,tue,313,1,999,0,nonexistent,-1.8,92.893,-46.2,1.291,5099.1,yes
38,bluecollar,single,high.school,unknown,no,no,cellular,jul,thu,147,3,999,0,nonexistent,1.4,93.918,-42.7,4.962,5228.1,no
32,admin,single,university.degree,no,yes,no,cellular,jul,thu,210,2,15,1,success,-1.7,94.215,-40.3,0.846,4991.6,yes
31,student,single,unknown,no,no,no,cellular,may,thu,243,2,999,1,failure,-1.8,93.876,-40,0.677,5008.7,no
35,self-employed,married,university.degree,no,no,yes,telephone,may,thu,188,6,999,0,nonexistent,1.1,93.994,-36.4,4.86,5191,yes
41,bluecollar,married,basic.6y,unknown,no,yes,cellular,may,tue,178,3,999,1,failure,-1.8,92.893,-46.2,1.291,5099.1,no
41,admin,married,university.degree,no,yes,no,cellular,nov,tue,95,1,3,1,success,-3.4,92.649,-30.1,0.715,5017.5,yes
30,services,married,high.school,unknown,no,no,telephone,may,wed,629,2,999,0,nonexistent,1.1,93.994,-36.4,4.856,5191,no
36,admin,single,high.school,no,yes,no,cellular,apr,fri,245,5,999,0,nonexistent,-1.8,93.075,-47.1,1.405,5099.1,yes
38,self-employed,married,high.school,no,yes,no,telephone,jul,tue,121,5,999,0,nonexistent,1.4,93.918,-42.7,4.961,5228.1,no
28,student,single,unknown,unknown,yes,no,cellular,aug,wed,453,1,999,1,failure,-1.7,94.027,-38.3,0.9,4991.6,yes
35,admin,married,university.degree,no,yes,no,cellular,apr,thu,330,1,10,1,success,-1.8,93.749,-34.6,0.644,5008.7,no
42,technician,single,unknown,no,yes,no,cellular,aug,tue,158,1,999,1,failure,-2.9,92.201,-31.4,0.884,5076.2,yes
40,unemployed,single,basic.4y,no,no,no,cellular,jun,tue,355,1,999,0,nonexistent,-2.9,92.963,-40.8,1.252,5076.2,no
31,entrepreneur,single,basic.6y,unknown,yes,yes,telephone,jun,fri,8,3,999,0,nonexistent,1.4,94.465,-41.8,4.959,5228.1,yes
39,technician,single,university.degree,no,no,no,cellular,aug,wed,50,1,999,0,nonexistent,1.4,93.444,-36.1,4.967,5228.1,no
37,housemaid,married,basic.4y,no,no,no,cellular,jul,tue,56,4,999,0,nonexistent,1.4,93.918,-42.7,4.961,5228.1,yes
52,housemaid,married,basic.6y,no,yes,no,cellular,aug,tue,112,1,999,0,nonexistent,1.4,93.444,-36.1,4.966,5228.1,no
33,admin,married,university.degree,no,yes,no,cellular,nov,thu,240,1,999,0,nonexistent,-0.1,93.2,-42,4.076,5195.8,yes
37,unemployed,married,university.degree,no,no,yes,telephone,jul,fri,85,3,999,0,nonexistent,1.4,93.918,-42.7,4.959,5228.1,no
34,services,single,high.school,no,no,no,telephone,jul,tue,29,16,999,0,nonexistent,1.4,93.918,-42.7,4.961,5228.1,yes
32,admin,single,university.degree,no,no,no,telephone,may,fri,47,8,999,0,nonexistent,1.1,93.994,-36.4,4.864,5191,no
56,bluecollar,married,basic.9y,unknown,no,no,telephone,jun,wed,99,6,999,0,nonexistent,1.4,94.465,-41.8,4.864,5228.1,yes
47,services,married,high.school,no,yes,no,cellular,aug,mon,140,2,999,0,nonexistent,1.4,93.444,-36.1,4.97,5228.1,no
41,technician,single,university.degree,no,no,no,cellular,jul,thu,186,2,999,0,nonexistent,1.4,93.918,-42.7,4.962,5228.1,yes
34,admin,single,university.degree,no,yes,no,cellular,aug,mon,145,1,999,0,nonexistent,1.4,93.444,-36.1,4.965,5228.1,no
35,admin,married,university.degree,unknown,no,no,cellular,aug,fri,70,1,999,0,nonexistent,1.4,93.444,-36.1,4.966,5228.1,yes
19,student,single,high.school,unknown,yes,no,cellular,may,tue,338,4,999,0,nonexistent,-1.8,92.893,-46.2,1.344,5099.1,no
28,unemployed,single,high.school,no,yes,no,telephone,jul,wed,203,1,999,0,nonexistent,1.4,93.918,-42.7,4.956,5228.1,yes
41,bluecollar,divorced,basic.6y,no,yes,yes,telephone,may,wed,343,1,999,0,nonexistent,1.1,93.994,-36.4,4.858,5191,no
27,services,single,high.school,unknown,no,no,cellular,may,fri,54,5,999,0,nonexistent,-1.8,92.893,-46.2,1.25,5099.1,yes
36,bluecollar,married,basic.9y,no,yes,no,cellular,apr,mon,57,3,999,0,nonexistent,-1.8,93.075,-47.1,1.405,5099.1,no
35,bluecollar,married,basic.9y,no,yes,no,cellular,nov,tue,231,2,999,0,nonexistent,-0.1,93.2,-42,4.153,5195.8,yes
32,services,single,basic.9y,no,no,no,cellular,jul,wed,168,1,999,0,nonexistent,1.4,93.918,-42.7,4.963,5228.1,no
43,management,married,professional.course,no,no,no,telephone,may,wed,764,3,999,0,nonexistent,1.1,93.994,-36.4,4.856,5191,yes
42,admin,married,university.degree,no,no,no,cellular,jul,wed,73,2,999,0,nonexistent,1.4,93.918,-42.7,4.963,5228.1,no
30,self-employed,single,basic.9y,no,no,yes,telephone,oct,mon,5,1,999,0,nonexistent,-1.1,94.601,-49.5,0.953,4963.6,yes
34,admin,single,university.degree,no,no,no,cellular,jun,mon,62,1,999,0,nonexistent,-2.9,92.963,-40.8,1.266,5076.2,no
26,technician,married,professional.course,no,yes,no,telephone,may,tue,345,2,999,0,nonexistent,1.1,93.994,-36.4,4.857,5191,yes
30,technician,single,professional.course,no,no,no,cellular,jul,tue,125,1,999,0,nonexistent,1.4,93.918,-42.7,4.962,5228.1,no
61,retired,married,basic.9y,no,no,no,cellular,apr,thu,165,2,999,0,nonexistent,-1.8,93.749,-34.6,0.659,5008.7,yes
48,admin,married,university.degree,no,yes,yes,cellular,jul,mon,179,2,999,0,nonexistent,1.4,93.918,-42.7,4.96,5228.1,no
38,bluecollar,married,basic.6y,no,yes,no,telephone,jun,wed,382,3,999,0,nonexistent,1.4,94.465,-41.8,4.864,5228.1,yes
50,bluecollar,married,unknown,unknown,no,no,cellular,jul,thu,84,2,999,0,nonexistent,1.4,93.918,-42.7,4.958,5228.1,no
32,technician,married,professional.course,no,yes,no,cellular,aug,tue,185,2,999,0,nonexistent,1.4,93.444,-36.1,4.965,5228.1,yes
36,technician,married,high.school,no,no,no,cellular,aug,mon,46,3,999,0,nonexistent,1.4,93.444,-36.1,4.965,5228.1,no
28,admin,married,high.school,no,yes,no,telephone,jun,mon,267,10,999,0,nonexistent,1.4,94.465,-41.8,4.865,5228.1,yes
35,management,married,university.degree,no,no,yes,telephone,aug,mon,67,5,999,0,nonexistent,1.4,93.444,-36.1,4.965,5228.1,no
37,technician,single,high.school,no,no,no,telephone,jun,mon,394,3,999,0,nonexistent,1.4,94.465,-41.8,4.96,5228.1,yes
48,bluecollar,married,basic.6y,no,yes,no,telephone,jun,tue,130,1,999,0,nonexistent,1.4,94.465,-41.8,4.961,5228.1,no
35,unemployed,married,basic.4y,no,yes,no,cellular,nov,mon,57,1,999,0,nonexistent,-0.1,93.2,-42,4.191,5195.8,yes
47,technician,single,professional.course,no,yes,no,cellular,jul,mon,108,2,999,0,nonexistent,1.4,93.918,-42.7,4.962,5228.1,no
29,admin,single,university.degree,no,no,no,cellular,jul,wed,873,2,999,0,nonexistent,1.4,93.918,-42.7,4.957,5228.1,yes
53,self-employed,married,university.degree,no,yes,no,telephone,jun,tue,119,4,999,0,nonexistent,1.4,94.465,-41.8,4.864,5228.1,no
27,services,married,high.school,unknown,no,yes,telephone,may,fri,100,4,999,0,nonexistent,1.1,93.994,-36.4,4.857,5191,yes
28,services,married,high.school,no,yes,no,cellular,jul,thu,69,6,999,0,nonexistent,1.4,93.918,-42.7,4.968,5228.1,no
52,management,divorced,university.degree,no,yes,no,cellular,nov,mon,161,1,999,1,failure,-0.1,93.2,-42,4.191,5195.8,yes
39,admin,married,basic.6y,unknown,no,no,cellular,jul,wed,1176,1,999,0,nonexistent,1.4,93.918,-42.7,4.963,5228.1,no
56,retired,single,professional.course,unknown,yes,no,cellular,jul,fri,161,4,999,0,nonexistent,1.4,93.918,-42.7,4.962,5228.1,yes
39,technician,married,professional.course,no,no,no,cellular,aug,mon,77,1,999,0,nonexistent,1.4,93.444,-36.1,4.965,5228.1,no
33,admin,married,university.degree,no,yes,no,cellular,aug,fri,24,10,999,0,nonexistent,1.4,93.444,-36.1,4.963,5228.1,yes
53,technician,married,professional.course,no,yes,no,telephone,sep,fri,384,1,999,0,nonexistent,-3.4,92.379,-29.8,0.803,5017.5,no
32,bluecollar,married,professional.course,no,no,no,telephone,may,fri,278,2,999,0,nonexistent,1.1,93.994,-36.4,4.864,5191,yes
29,unemployed,single,university.degree,no,yes,no,cellular,aug,tue,33,2,999,0,nonexistent,-2.9,92.201,-31.4,0.859,5076.2,no
36,admin,married,high.school,no,yes,no,telephone,jul,tue,305,7,999,0,nonexistent,-2.9,92.469,-33.6,0.937,5076.2,yes
24,technician,single,professional.course,no,no,no,cellular,may,fri,582,2,999,0,nonexistent,-1.8,92.893,-46.2,1.25,5099.1,no
49,bluecollar,married,basic.9y,no,no,no,telephone,may,tue,199,4,999,0,nonexistent,1.1,93.994,-36.4,4.856,5191,yes
28,admin,single,university.degree,no,yes,no,cellular,may,tue,187,1,999,0,nonexistent,-1.8,92.893,-46.2,1.266,5099.1,no
51,bluecollar,married,basic.4y,unknown,no,no,cellular,jul,mon,200,2,999,0,nonexistent,1.4,93.918,-42.7,4.96,5228.1,yes
33,unemployed,married,high.school,no,yes,yes,cellular,may,mon,109,1,999,0,nonexistent,-1.8,92.893,-46.2,1.264,5099.1,no
34,technician,single,university.degree,no,yes,yes,cellular,aug,thu,38,1,999,0,nonexistent,1.4,93.444,-36.1,4.964,5228.1,yes
35,technician,married,professional.course,no,no,no,cellular,apr,wed,225,2,999,0,nonexistent,-1.8,93.075,-47.1,1.415,5099.1,no
39,unemployed,single,university.degree,no,yes,no,cellular,dec,mon,387,1,6,2,success,-3,92.713,-33,0.706,5023.5,yes
34,management,married,university.degree,unknown,no,no,telephone,jun,mon,84,3,999,0,nonexistent,1.4,94.465,-41.8,4.96,5228.1,no
29,admin,single,university.degree,no,yes,no,cellular,aug,tue,67,1,999,0,nonexistent,1.4,93.444,-36.1,4.968,5228.1,yes
49,bluecollar,married,basic.9y,unknown,no,yes,cellular,may,mon,290,1,999,0,nonexistent,-1.8,92.893,-46.2,1.299,5099.1,no
32,admin,single,university.degree,no,yes,no,cellular,may,mon,8,7,999,0,nonexistent,-1.8,92.893,-46.2,1.244,5099.1,yes
53,self-employed,married,basic.9y,no,yes,no,cellular,may,tue,600,4,999,0,nonexistent,-1.8,92.893,-46.2,1.291,5099.1,no
51,bluecollar,single,basic.4y,unknown,no,no,telephone,may,fri,448,1,999,0,nonexistent,1.1,93.994,-36.4,4.857,5191,yes
37,technician,single,university.degree,no,no,no,telephone,may,fri,62,3,999,0,nonexistent,1.1,93.994,-36.4,4.864,5191,no
29,admin,single,university.degree,no,yes,no,cellular,aug,fri,602,7,999,0,nonexistent,1.4,93.444,-36.1,4.964,5228.1,yes
51,management,married,basic.4y,no,no,no,cellular,jul,mon,104,2,999,0,nonexistent,1.4,93.918,-42.7,4.96,5228.1,no
30,admin,single,university.degree,no,yes,no,cellular,jun,wed,617,2,999,0,nonexistent,-2.9,92.963,-40.8,1.26,5076.2,yes
41,management,married,unknown,no,yes,no,telephone,jun,fri,143,2,999,0,nonexistent,1.4,94.465,-41.8,4.967,5228.1,no
39,bluecollar,married,basic.6y,no,yes,no,cellular,may,thu,476,1,999,0,nonexistent,-1.8,92.893,-46.2,1.327,5099.1,yes
27,bluecollar,married,basic.4y,no,yes,no,cellular,jul,tue,185,1,999,0,nonexistent,1.4,93.918,-42.7,4.961,5228.1,no
26,admin,married,high.school,no,yes,no,cellular,nov,fri,338,1,7,1,success,-3.4,92.649,-30.1,0.714,5017.5,yes
31,bluecollar,single,basic.9y,no,yes,no,telephone,may,tue,115,1,999,0,nonexistent,1.1,93.994,-36.4,4.856,5191,no
49,retired,divorced,professional.course,no,yes,yes,telephone,aug,tue,128,8,999,0,nonexistent,1.4,93.444,-36.1,4.966,5228.1,yes
47,technician,married,professional.course,no,yes,no,telephone,may,thu,69,1,999,0,nonexistent,1.1,93.994,-36.4,4.86,5191,no
39,admin,married,high.school,no,yes,no,telephone,may,tue,0,4,999,0,nonexistent,1.1,93.994,-36.4,4.857,5191,yes
56,technician,married,professional.course,no,no,no,cellular,nov,thu,51,2,999,0,nonexistent,-0.1,93.2,-42,4.076,5195.8,no
42,admin,married,university.degree,no,yes,no,cellular,nov,mon,375,1,999,0,nonexistent,-0.1,93.2,-42,4.191,5195.8,yes
44,admin,married,high.school,no,yes,yes,telephone,may,tue,177,1,999,0,nonexistent,1.1,93.994,-36.4,4.857,5191,no
52,services,married,high.school,no,yes,no,telephone,nov,tue,251,1,999,0,nonexistent,-0.1,93.2,-42,4.153,5195.8,yes
25,services,single,high.school,no,no,no,cellular,aug,fri,553,1,999,0,nonexistent,-2.9,92.201,-31.4,0.869,5076.2,no
36,admin,single,university.degree,no,no,no,cellular,nov,wed,154,1,999,0,nonexistent,-0.1,93.2,-42,4.12,5195.8,yes
41,bluecollar,single,basic.9y,no,no,no,telephone,may,thu,74,1,999,0,nonexistent,1.1,93.994,-36.4,4.86,5191,no
37,technician,single,high.school,no,yes,no,telephone,apr,thu,63,2,999,2,failure,-1.8,93.075,-47.1,1.41,5099.1,yes
38,management,married,university.degree,no,no,no,telephone,may,fri,461,2,999,0,nonexistent,1.1,93.994,-36.4,4.859,5191,no
34,bluecollar,married,basic.4y,no,no,no,cellular,nov,thu,223,1,999,1,failure,-0.1,93.2,-42,4.076,5195.8,yes
31,management,single,high.school,no,no,no,cellular,may,wed,90,1,999,0,nonexistent,-1.8,92.893,-46.2,1.334,5099.1,no
39,technician,married,professional.course,unknown,yes,no,cellular,aug,wed,145,2,999,0,nonexistent,1.4,93.444,-36.1,4.964,5228.1,yes
36,housemaid,divorced,basic.4y,no,yes,no,cellular,nov,tue,163,2,999,1,failure,-0.1,93.2,-42,4.153,5195.8,no
38,bluecollar,married,basic.9y,unknown,unknown,unknown,cellular,jul,tue,319,4,999,0,nonexistent,1.4,93.918,-42.7,4.962,5228.1,yes
39,technician,divorced,professional.course,no,yes,yes,cellular,aug,tue,80,2,999,0,nonexistent,1.4,93.444,-36.1,4.966,5228.1,no
32,admin,married,high.school,no,yes,no,cellular,may,mon,689,1,999,0,nonexistent,-1.8,92.893,-46.2,1.299,5099.1,yes
51,services,married,high.school,no,no,no,telephone,jun,tue,236,2,999,0,nonexistent,1.4,94.465,-41.8,4.961,5228.1,no
52,admin,married,high.school,no,yes,yes,cellular,may,fri,81,2,999,1,failure,-1.8,92.893,-46.2,1.313,5099.1,yes
55,technician,married,professional.course,no,no,no,cellular,nov,fri,182,1,999,1,failure,-0.1,93.2,-42,4.021,5195.8,no
35,admin,single,university.degree,no,no,no,cellular,aug,mon,90,2,999,0,nonexistent,1.4,93.444,-36.1,4.965,5228.1,yes
41,admin,married,university.degree,no,yes,yes,telephone,jun,tue,75,1,999,0,nonexistent,1.4,94.465,-41.8,4.961,5228.1,no
29,bluecollar,married,high.school,no,no,no,telephone,jun,thu,718,13,999,0,nonexistent,1.4,94.465,-41.8,4.866,5228.1,yes
38,bluecollar,married,professional.course,no,yes,no,telephone,may,tue,321,1,999,0,nonexistent,1.1,93.994,-36.4,4.857,5191,no
51,technician,married,high.school,no,no,no,cellular,nov,mon,198,2,999,0,nonexistent,-0.1,93.2,-42,4.191,5195.8,yes
35,entrepreneur,single,basic.9y,no,yes,no,cellular,nov,mon,42,2,999,0,nonexistent,-0.1,93.2,-42,4.191,5195.8,no
34,admin,single,high.school,no,yes,no,cellular,may,wed,195,2,999,1,failure,-1.8,92.893,-46.2,1.281,5099.1,yes
47,housemaid,married,unknown,no,yes,no,cellular,nov,wed,87,1,999,0,nonexistent,-0.1,93.2,-42,4.12,5195.8,no
32,technician,married,professional.course,no,yes,no,telephone,may,fri,322,2,999,0,nonexistent,1.1,93.994,-36.4,4.864,5191,yes
39,admin,married,basic.9y,unknown,no,no,cellular,jul,wed,131,1,999,0,nonexistent,1.4,93.918,-42.7,4.962,5228.1,no
56,self-employed,married,university.degree,no,no,no,telephone,jun,fri,129,3,999,0,nonexistent,1.4,94.465,-41.8,4.959,5228.1,yes
31,bluecollar,married,professional.course,no,yes,no,cellular,jul,wed,458,2,999,0,nonexistent,1.4,93.918,-42.7,4.963,5228.1,no
46,technician,divorced,university.degree,no,yes,no,cellular,nov,fri,796,5,999,1,failure,-0.1,93.2,-42,4.021,5195.8,yes
44,unknown,married,high.school,unknown,no,no,cellular,jul,tue,153,3,999,0,nonexistent,1.4,93.918,-42.7,4.961,5228.1,no
36,bluecollar,married,basic.4y,unknown,no,no,cellular,may,tue,246,1,999,1,failure,-1.8,92.893,-46.2,1.344,5099.1,yes
31,technician,divorced,professional.course,no,yes,no,cellular,jul,wed,662,1,999,0,nonexistent,1.4,93.918,-42.7,4.962,5228.1,no
37,bluecollar,married,high.school,no,yes,no,cellular,may,fri,475,3,999,0,nonexistent,-1.8,92.893,-46.2,1.313,5099.1,yes
32,management,single,university.degree,no,yes,no,cellular,mar,mon,75,2,999,0,nonexistent,-1.8,92.843,-50,1.703,5099.1,no
48,admin,divorced,high.school,no,no,no,telephone,may,tue,315,1,999,0,nonexistent,1.1,93.994,-36.4,4.856,5191,yes
51,entrepreneur,married,professional.course,unknown,no,no,cellular,may,mon,295,1,999,1,failure,-1.8,92.893,-46.2,1.299,5099.1,no
30,unemployed,married,unknown,no,yes,no,cellular,nov,thu,216,4,999,0,nonexistent,-0.1,93.2,-42,4.076,5195.8,yes
37,technician,married,professional.course,unknown,yes,yes,cellular,jul,tue,144,1,999,0,nonexistent,1.4,93.918,-42.7,4.961,5228.1,no
38,bluecollar,single,high.school,no,yes,yes,telephone,jun,thu,21,1,999,0,nonexistent,-1.7,94.055,-39.8,0.729,4991.6,yes
36,technician,married,university.degree,no,yes,no,cellular,may,mon,219,2,999,0,nonexistent,-1.8,92.893,-46.2,1.299,5099.1,no
55,bluecollar,divorced,basic.4y,no,no,no,cellular,may,fri,278,1,999,0,nonexistent,-1.8,92.893,-46.2,1.313,5099.1,yes
51,services,married,professional.course,unknown,no,no,cellular,may,thu,113,2,999,0,nonexistent,-1.8,92.893,-46.2,1.327,5099.1,no
42,admin,married,university.degree,no,no,no,cellular,jul,wed,799,6,999,0,nonexistent,1.4,93.918,-42.7,4.962,5228.1,yes
29,admin,married,university.degree,no,no,no,cellular,nov,mon,142,1,999,1,failure,-0.1,93.2,-42,4.191,5195.8,no
59,self-employed,married,university.degree,no,yes,no,cellular,may,tue,61,1,999,1,failure,-1.8,92.893,-46.2,1.266,5099.1,yes
31,services,single,high.school,no,no,yes,cellular,jul,thu,9,17,999,0,nonexistent,1.4,93.918,-42.7,4.968,5228.1,no
31,admin,married,professional.course,no,no,yes,cellular,dec,mon,367,2,999,1,failure,-3,92.713,-33,0.709,5023.5,yes
34,admin,married,high.school,no,yes,yes,telephone,may,fri,20,1,999,0,nonexistent,1.1,93.994,-36.4,4.855,5191,no
37,admin,married,high.school,unknown,yes,no,cellular,jul,mon,204,3,999,0,nonexistent,1.4,93.918,-42.7,4.962,5228.1,yes
25,bluecollar,single,basic.4y,no,no,no,telephone,jun,wed,107,19,999,0,nonexistent,1.4,94.465,-41.8,4.959,5228.1,no
34,self-employed,married,university.degree,no,unknown,unknown,cellular,jul,fri,156,3,999,2,failure,-1.7,94.215,-40.3,0.896,4991.6,yes
37,technician,married,high.school,no,yes,no,telephone,jun,tue,267,3,999,0,nonexistent,1.4,94.465,-41.8,4.864,5228.1,no
26,bluecollar,married,basic.4y,no,no,no,cellular,may,tue,232,1,999,0,nonexistent,-1.8,92.893,-46.2,1.291,5099.1,yes
24,bluecollar,single,basic.9y,no,yes,no,telephone,may,tue,112,4,999,0,nonexistent,1.1,93.994,-36.4,4.857,5191,no
37,services,divorced,basic.9y,no,yes,no,cellular,jul,wed,122,1,999,0,nonexistent,1.4,93.918,-42.7,4.957,5228.1,yes
28,admin,single,professional.course,no,no,yes,telephone,jun,thu,253,1,999,0,nonexistent,1.4,94.465,-41.8,4.955,5228.1,no
31,bluecollar,married,basic.9y,no,no,no,cellular,jul,wed,715,1,999,0,nonexistent,1.4,93.918,-42.7,4.957,5228.1,yes
32,technician,single,university.degree,no,no,no,cellular,nov,tue,77,2,999,0,nonexistent,-0.1,93.2,-42,4.153,5195.8,no
52,retired,married,basic.4y,no,no,no,telephone,jun,wed,633,1,999,0,nonexistent,1.4,94.465,-41.8,4.864,5228.1,yes
41,technician,married,professional.course,no,no,no,telephone,may,tue,348,2,999,0,nonexistent,1.1,93.994,-36.4,4.857,5191,no
36,bluecollar,single,basic.6y,no,no,no,cellular,nov,tue,238,1,999,0,nonexistent,-1.1,94.767,-50.8,1.046,4963.6,yes
32,bluecollar,married,high.school,no,no,yes,telephone,jun,mon,140,1,999,0,nonexistent,1.4,94.465,-41.8,4.96,5228.1,no
24,services,single,professional.course,no,yes,no,cellular,jul,wed,139,1,999,0,nonexistent,1.4,93.918,-42.7,4.962,5228.1,yes
48,services,divorced,basic.4y,no,no,no,cellular,nov,wed,134,1,999,0,nonexistent,-0.1,93.2,-42,4.12,5195.8,no
57,admin,divorced,high.school,no,no,no,cellular,sep,tue,473,1,3,5,success,-1.1,94.199,-37.5,0.877,4963.6,yes
36,technician,single,professional.course,no,no,no,cellular,aug,wed,275,1,999,0,nonexistent,1.4,93.444,-36.1,4.967,5228.1,no
46,services,married,high.school,unknown,yes,no,cellular,may,fri,6,1,999,1,failure,-1.8,92.893,-46.2,1.25,5099.1,yes
55,admin,divorced,university.degree,no,yes,no,telephone,may,thu,230,4,999,0,nonexistent,1.1,93.994,-36.4,4.855,5191,no
34,admin,divorced,university.degree,no,no,no,cellular,may,wed,207,1,999,1,failure,-1.8,92.893,-46.2,1.334,5099.1,yes
37,housemaid,married,high.school,unknown,no,no,cellular,aug,thu,126,1,999,0,nonexistent,1.4,93.444,-36.1,4.968,5228.1,no
33,management,single,university.degree,no,yes,no,cellular,jul,mon,400,3,999,0,nonexistent,1.4,93.918,-42.7,4.962,5228.1,yes
29,technician,single,university.degree,no,yes,no,telephone,aug,thu,226,3,999,0,nonexistent,1.4,93.444,-36.1,4.964,5228.1,no
30,admin,divorced,high.school,no,no,no,cellular,nov,wed,131,2,999,0,nonexistent,-0.1,93.2,-42,4.12,5195.8,yes
33,technician,married,professional.course,no,no,yes,telephone,jun,tue,46,1,999,0,nonexistent,1.4,94.465,-41.8,4.864,5228.1,no
31,bluecollar,married,basic.9y,no,no,no,telephone,may,tue,301,1,999,0,nonexistent,1.1,93.994,-36.4,4.857,5191,yes
47,admin,married,university.degree,no,no,no,cellular,nov,tue,1014,3,999,0,nonexistent,-0.1,93.2,-42,4.153,5195.8,no
24,student,single,high.school,no,no,no,cellular,may,mon,557,1,999,0,nonexistent,-1.8,92.893,-46.2,1.244,5099.1,yes
30,management,married,university.degree,no,yes,yes,cellular,jul,wed,229,4,999,0,nonexistent,1.4,93.918,-42.7,4.963,5228.1,no
48,bluecollar,married,high.school,no,yes,no,telephone,jun,thu,700,2,999,0,nonexistent,1.4,94.465,-41.8,4.958,5228.1,yes
29,self-employed,married,university.degree,no,no,no,telephone,may,thu,116,1,999,0,nonexistent,1.1,93.994,-36.4,4.86,5191,no
47,technician,married,basic.9y,no,no,no,telephone,jun,fri,72,1,999,0,nonexistent,1.4,94.465,-41.8,4.967,5228.1,yes
32,technician,married,high.school,no,no,no,cellular,may,wed,195,3,999,1,failure,-1.8,92.893,-46.2,1.281,5099.1,no
32,services,single,unknown,no,no,yes,cellular,jul,thu,415,2,999,0,nonexistent,-1.7,94.215,-40.3,0.846,4991.6,yes
48,entrepreneur,married,basic.6y,no,no,no,cellular,may,wed,119,1,999,0,nonexistent,-1.8,92.893,-46.2,1.334,5099.1,no
34,technician,married,university.degree,no,no,yes,cellular,jul,thu,114,2,999,0,nonexistent,1.4,93.918,-42.7,4.968,5228.1,yes
42,admin,single,high.school,no,no,no,cellular,aug,wed,127,1,999,0,nonexistent,1.4,93.444,-36.1,4.964,5228.1,no
33,technician,single,professional.course,no,yes,no,cellular,aug,mon,122,4,999,0,nonexistent,1.4,93.444,-36.1,4.963,5228.1,yes
28,unemployed,single,basic.4y,no,yes,no,cellular,oct,fri,160,2,4,1,success,-3.4,92.431,-26.9,0.752,5017.5,no
58,retired,married,basic.4y,unknown,no,no,telephone,may,tue,1045,1,999,0,nonexistent,1.1,93.994,-36.4,4.856,5191,yes
43,management,married,high.school,no,yes,yes,cellular,nov,mon,70,3,999,0,nonexistent,-0.1,93.2,-42,4.191,5195.8,no
28,technician,single,university.degree,no,yes,no,cellular,may,tue,326,1,999,0,nonexistent,-1.8,92.893,-46.2,1.266,5099.1,yes
37,admin,single,university.degree,no,yes,no,cellular,apr,thu,261,1,999,0,nonexistent,-1.8,93.075,-47.1,1.365,5099.1,no
43,bluecollar,married,basic.4y,unknown,yes,no,telephone,may,fri,345,3,999,0,nonexistent,1.1,93.994,-36.4,4.857,5191,yes
30,admin,single,university.degree,no,no,no,cellular,may,thu,199,1,999,0,nonexistent,-1.8,92.893,-46.2,1.327,5099.1,no
36,self-employed,single,university.degree,no,no,no,cellular,jul,mon,84,1,999,0,nonexistent,1.4,93.918,-42.7,4.96,5228.1,yes
50,management,married,university.degree,no,yes,no,telephone,may,wed,383,1,999,0,nonexistent,1.1,93.994,-36.4,4.857,5191,no
37,self-employed,married,basic.9y,no,yes,no,cellular,aug,fri,78,1,999,0,nonexistent,1.4,93.444,-36.1,4.964,5228.1,yes
30,admin,single,high.school,no,yes,no,cellular,apr,mon,180,3,999,1,failure,-1.8,93.075,-47.1,1.405,5099.1,no
46,technician,single,university.degree,no,no,no,cellular,aug,thu,185,2,999,0,nonexistent,1.4,93.444,-36.1,4.968,5228.1,yes
34,technician,single,high.school,no,no,no,cellular,may,wed,63,1,999,0,nonexistent,-1.8,92.893,-46.2,1.281,5099.1,no
52,admin,divorced,basic.6y,no,yes,no,telephone,jun,wed,219,1,999,0,nonexistent,1.4,94.465,-41.8,4.959,5228.1,yes
54,technician,married,university.degree,unknown,no,no,cellular,may,fri,217,7,999,0,nonexistent,-1.8,92.893,-46.2,1.313,5099.1,no
43,services,married,university.degree,no,yes,no,cellular,jul,tue,135,1,999,0,nonexistent,1.4,93.918,-42.7,4.961,5228.1,yes
35,services,married,high.school,no,no,no,cellular,may,mon,130,3,999,1,failure,-1.8,92.893,-46.2,1.354,5099.1,no
40,entrepreneur,married,basic.4y,unknown,yes,no,cellular,jul,wed,448,2,999,0,nonexistent,1.4,93.918,-42.7,4.963,5228.1,yes
32,bluecollar,married,basic.9y,no,yes,no,telephone,jun,fri,123,3,999,0,nonexistent,1.4,94.465,-41.8,4.959,5228.1,no
31,technician,married,professional.course,no,yes,no,cellular,aug,wed,409,2,999,0,nonexistent,1.4,93.444,-36.1,4.965,5228.1,yes
41,bluecollar,married,basic.4y,no,no,no,telephone,may,wed,142,1,999,0,nonexistent,1.1,93.994,-36.4,4.859,5191,no
29,bluecollar,married,high.school,no,yes,no,cellular,nov,wed,96,3,999,0,nonexistent,-0.1,93.2,-42,4.12,5195.8,yes
53,bluecollar,married,basic.9y,no,yes,no,cellular,jul,tue,122,4,999,0,nonexistent,1.4,93.918,-42.7,4.961,5228.1,no
47,admin,married,high.school,no,yes,no,cellular,aug,mon,1152,3,999,0,nonexistent,1.4,93.444,-36.1,4.965,5228.1,yes
51,services,married,high.school,unknown,yes,no,telephone,jun,mon,81,1,999,0,nonexistent,1.4,94.465,-41.8,4.961,5228.1,no
35,technician,single,professional.course,no,yes,no,cellular,aug,tue,137,1,999,0,nonexistent,1.4,93.444,-36.1,4.965,5228.1,yes
51,technician,married,basic.6y,no,yes,no,cellular,jul,tue,166,2,999,0,nonexistent,1.4,93.918,-42.7,4.961,5228.1,no
44,bluecollar,married,basic.6y,unknown,yes,no,telephone,may,fri,194,3,999,0,nonexistent,1.1,93.994,-36.4,4.859,5191,yes
59,admin,married,university.degree,no,yes,no,telephone,jun,wed,47,2,999,0,nonexistent,1.4,94.465,-41.8,4.962,5228.1,no
31,management,married,university.degree,no,no,no,cellular,nov,mon,369,1,999,0,nonexistent,-0.1,93.2,-42,4.191,5195.8,yes
31,admin,divorced,university.degree,no,yes,no,telephone,may,tue,259,2,999,0,nonexistent,-1.8,92.893,-46.2,1.344,5099.1,no
41,technician,married,professional.course,no,no,no,cellular,apr,fri,219,1,999,0,nonexistent,-1.8,93.075,-47.1,1.405,5099.1,yes
32,services,married,high.school,unknown,yes,no,cellular,may,mon,126,1,999,0,nonexistent,-1.8,92.893,-46.2,1.244,5099.1,no
32,housemaid,single,high.school,no,no,no,telephone,jun,thu,406,2,999,0,nonexistent,1.4,94.465,-41.8,4.866,5228.1,yes
56,unknown,single,basic.9y,no,no,no,cellular,jul,mon,102,2,999,0,nonexistent,1.4,93.918,-42.7,4.962,5228.1,no
51,admin,married,university.degree,no,yes,no,cellular,jul,fri,139,5,999,0,nonexistent,-2.9,92.469,-33.6,0.921,5076.2,yes
53,bluecollar,married,basic.4y,unknown,no,yes,cellular,jul,thu,36,1,999,0,nonexistent,1.4,93.918,-42.7,4.968,5228.1,no
25,technician,single,professional.course,no,yes,no,cellular,jul,thu,234,1,999,0,nonexistent,1.4,93.918,-42.7,4.963,5228.1,yes
33,management,married,university.degree,no,no,yes,cellular,nov,wed,113,1,999,1,failure,-0.1,93.2,-42,4.12,5195.8,no
41,bluecollar,married,basic.9y,unknown,no,no,telephone,may,mon,62,1,999,0,nonexistent,1.1,93.994,-36.4,4.857,5191,yes
28,services,single,university.degree,no,no,no,cellular,jul,thu,363,2,999,0,nonexistent,1.4,93.918,-42.7,4.963,5228.1,no
48,management,married,basic.9y,no,yes,no,cellular,may,tue,725,1,999,0,nonexistent,-1.8,92.893,-46.2,1.291,5099.1,yes
28,bluecollar,single,basic.9y,no,yes,no,cellular,jul,fri,103,2,999,0,nonexistent,1.4,93.918,-42.7,4.957,5228.1,no
43,services,married,basic.9y,no,no,no,telephone,jun,thu,110,17,999,0,nonexistent,1.4,94.465,-41.8,4.866,5228.1,yes
29,management,single,university.degree,no,no,no,telephone,may,wed,99,2,999,0,nonexistent,1.1,93.994,-36.4,4.857,5191,no
36,bluecollar,divorced,high.school,no,yes,no,telephone,jun,wed,133,1,999,0,nonexistent,1.4,94.465,-41.8,4.959,5228.1,yes
30,admin,single,university.degree,no,yes,no,cellular,jul,thu,873,8,999,0,nonexistent,1.4,93.918,-42.7,4.962,5228.1,no
49,admin,single,basic.6y,no,yes,yes,cellular,apr,fri,441,2,999,0,nonexistent,-1.8,93.075,-47.1,1.405,5099.1,yes
55,admin,married,high.school,no,no,no,telephone,may,thu,94,1,999,0,nonexistent,1.1,93.994,-36.4,4.855,5191,no
34,management,single,university.degree,no,yes,yes,cellular,nov,thu,125,2,999,0,nonexistent,-0.1,93.2,-42,4.076,5195.8,yes
29,management,married,university.degree,no,yes,no,cellular,aug,thu,75,1,4,2,success,-2.9,92.201,-31.4,0.873,5076.2,no
35,admin,single,university.degree,no,yes,yes,cellular,apr,thu,358,1,999,0,nonexistent,-1.8,93.075,-47.1,1.365,5099.1,yes
40,technician,married,basic.9y,unknown,no,no,cellular,jul,mon,141,3,999,0,nonexistent,1.4,93.918,-42.7,4.96,5228.1,no
42,housemaid,married,university.degree,no,no,no,cellular,nov,mon,176,1,999,0,nonexistent,-0.1,93.2,-42,4.191,5195.8,yes
34,admin,single,high.school,no,yes,yes,telephone,jun,mon,123,1,999,0,nonexistent,1.4,94.465,-41.8,4.961,5228.1,no
47,technician,married,high.school,unknown,yes,no,cellular,nov,fri,183,3,999,1,failure,-0.1,93.2,-42,4.021,5195.8,yes
39,admin,married,university.degree,no,yes,no,cellular,aug,fri,169,4,999,0,nonexistent,1.4,93.444,-36.1,4.964,5228.1,no
55,technician,married,basic.6y,no,yes,no,telephone,may,tue,452,2,999,0,nonexistent,1.1,93.994,-36.4,4.857,5191,yes
44,services,married,high.school,unknown,yes,no,cellular,jul,wed,86,1,999,0,nonexistent,1.4,93.918,-42.7,4.963,5228.1,no
34,bluecollar,married,basic.6y,unknown,no,yes,telephone,jun,mon,35,1,999,0,nonexistent,1.4,94.465,-41.8,4.961,5228.1,yes
45,admin,married,university.degree,no,yes,no,cellular,aug,mon,226,1,999,0,nonexistent,1.4,93.444,-36.1,4.965,5228.1,no
50,admin,married,university.degree,no,yes,no,cellular,nov,mon,183,1,3,1,success,-3.4,92.649,-30.1,0.714,5017.5,yes
55,self-employed,married,basic.9y,no,yes,no,cellular,may,tue,604,1,999,0,nonexistent,-1.8,92.893,-46.2,1.344,5099.1,no
28,admin,married,high.school,unknown,no,no,cellular,jul,tue,60,3,999,0,nonexistent,1.4,93.918,-42.7,4.961,5228.1,yes
30,technician,married,high.school,no,no,no,cellular,aug,tue,79,1,999,0,nonexistent,1.4,93.444,-36.1,4.963,5228.1,no
32,housemaid,married,basic.4y,no,yes,no,cellular,aug,mon,87,4,999,0,nonexistent,1.4,93.444,-36.1,4.965,5228.1,yes
31,management,married,university.degree,no,yes,no,cellular,nov,wed,196,1,999,0,nonexistent,-0.1,93.2,-42,4.12,5195.8,no
32,services,married,high.school,no,yes,no,cellular,may,thu,21,12,999,0,nonexistent,-1.8,92.893,-46.2,1.266,5099.1,yes
39,bluecollar,married,professional.course,no,no,no,telephone,may,mon,87,5,999,0,nonexistent,1.1,93.994,-36.4,4.858,5191,no
24,admin,single,high.school,unknown,yes,yes,cellular,jul,thu,493,1,999,0,nonexistent,1.4,93.918,-42.7,4.958,5228.1,yes
57,retired,married,professional.course,no,yes,no,cellular,jun,mon,166,2,999,0,nonexistent,-2.9,92.963,-40.8,1.266,5076.2,no
27,technician,married,university.degree,no,yes,no,cellular,may,fri,131,3,999,0,nonexistent,-1.8,92.893,-46.2,1.25,5099.1,yes
44,admin,married,university.degree,no,yes,no,cellular,aug,thu,254,2,999,0,nonexistent,-2.9,92.201,-31.4,0.883,5076.2,no
32,admin,married,university.degree,no,yes,no,cellular,may,mon,232,2,999,0,nonexistent,-1.8,92.893,-46.2,1.244,5099.1,yes
37,housemaid,married,university.degree,no,yes,no,telephone,jun,fri,262,2,999,0,nonexistent,1.4,94.465,-41.8,4.967,5228.1,no
29,admin,married,university.degree,no,no,no,cellular,nov,wed,406,3,999,0,nonexistent,-0.1,93.2,-42,4.12,5195.8,yes
31,unemployed,single,university.degree,no,yes,no,cellular,mar,tue,180,1,10,1,success,-1.8,93.369,-34.8,0.646,5008.7,no
58,bluecollar,married,basic.4y,unknown,yes,no,cellular,jul,fri,198,4,999,0,nonexistent,1.4,93.918,-42.7,4.962,5228.1,yes
32,technician,single,professional.course,no,yes,no,cellular,jul,thu,128,1,999,0,nonexistent,1.4,93.918,-42.7,4.968,5228.1,no
48,services,married,basic.4y,unknown,yes,no,cellular,aug,thu,137,1,999,0,nonexistent,1.4,93.444,-36.1,4.968,5228.1,yes
42,bluecollar,married,professional.course,no,yes,no,cellular,may,fri,262,2,999,0,nonexistent,-1.8,92.893,-46.2,1.313,5099.1,no
31,admin,single,university.degree,no,no,yes,cellular,nov,wed,212,2,3,6,success,-1.1,94.767,-50.8,1.048,4963.6,yes
41,bluecollar,married,basic.9y,unknown,no,no,telephone,jun,fri,204,3,999,0,nonexistent,1.4,94.465,-41.8,4.967,5228.1,no
33,self-employed,single,basic.4y,no,yes,no,telephone,may,fri,742,2,999,0,nonexistent,1.1,93.994,-36.4,4.864,5191,yes
45,technician,married,professional.course,no,no,no,telephone,jul,wed,20,5,999,0,nonexistent,1.4,93.918,-42.7,4.962,5228.1,no
30,admin,married,university.degree,no,no,no,cellular,aug,mon,243,1,999,0,nonexistent,1.4,93.444,-36.1,4.97,5228.1,yes
30,admin,single,university.degree,no,no,no,telephone,jul,wed,84,3,999,0,nonexistent,1.4,93.918,-42.7,4.963,5228.1,no
53,self-employed,married,basic.9y,no,yes,no,cellular,nov,mon,62,1,999,0,nonexistent,-0.1,93.2,-42,4.191,5195.8,yes
32,bluecollar,single,basic.6y,unknown,unknown,unknown,cellular,jul,tue,199,4,999,0,nonexistent,1.4,93.918,-42.7,4.961,5228.1,no
27,admin,single,university.degree,no,yes,no,cellular,apr,fri,401,1,999,1,failure,-1.8,93.075,-47.1,1.405,5099.1,yes
46,admin,married,high.school,no,yes,no,cellular,jul,tue,98,6,999,0,nonexistent,1.4,93.918,-42.7,4.961,5228.1,no
29,admin,single,university.degree,no,no,no,cellular,aug,tue,103,4,999,0,nonexistent,1.4,93.444,-36.1,4.963,5228.1,yes
43,management,married,university.degree,no,no,no,cellular,nov,mon,179,1,999,0,nonexistent,-0.1,93.2,-42,4.191,5195.8,no
26,admin,single,university.degree,no,no,no,cellular,oct,fri,133,2,999,1,failure,-3.4,92.431,-26.9,0.73,5017.5,yes
47,admin,married,university.degree,no,yes,no,cellular,aug,tue,100,3,999,0,nonexistent,1.4,93.444,-36.1,4.965,5228.1,no
39,bluecollar,married,basic.9y,unknown,no,no,telephone,may,tue,504,4,999,0,nonexistent,1.1,93.994,-36.4,4.856,5191,yes
29,self-employed,single,university.degree,no,yes,yes,cellular,jul,thu,22,8,999,0,nonexistent,1.4,93.918,-42.7,4.968,5228.1,no
33,admin,single,university.degree,no,no,no,cellular,jun,wed,206,1,3,1,success,-1.7,94.055,-39.8,0.715,4991.6,yes
56,retired,married,high.school,no,yes,yes,cellular,aug,tue,97,1,3,2,success,-2.9,92.201,-31.4,0.883,5076.2,no
30,technician,single,university.degree,no,yes,no,cellular,jun,fri,166,2,999,0,nonexistent,-2.9,92.963,-40.8,1.268,5076.2,yes
32,technician,married,university.degree,no,no,yes,cellular,aug,thu,131,1,999,0,nonexistent,1.4,93.444,-36.1,4.968,5228.1,no
33,services,married,professional.course,no,no,no,cellular,oct,mon,291,1,999,3,failure,-1.1,94.601,-49.5,0.977,4963.6,yes
49,technician,married,university.degree,no,no,no,telephone,may,mon,107,3,999,0,nonexistent,1.1,93.994,-36.4,4.857,5191,no
33,bluecollar,married,basic.6y,no,yes,no,cellular,may,wed,134,1,999,1,failure,-1.8,92.893,-46.2,1.281,5099.1,yes
58,self-employed,married,university.degree,no,no,no,cellular,nov,wed,1092,1,999,0,nonexistent,-3.4,92.649,-30.1,0.716,5017.5,no
37,admin,married,professional.course,unknown,yes,no,cellular,nov,wed,37,1,999,0,nonexistent,-0.1,93.2,-42,4.12,5195.8,yes
48,housemaid,married,high.school,no,no,no,cellular,jun,tue,399,1,999,0,nonexistent,-2.9,92.963,-40.8,1.252,5076.2,no
39,technician,married,basic.6y,no,no,no,cellular,apr,tue,88,3,999,0,nonexistent,-1.8,93.075,-47.1,1.453,5099.1,yes
53,admin,single,basic.6y,no,yes,no,telephone,may,tue,27,1,999,0,nonexistent,1.1,93.994,-36.4,4.857,5191,no
59,housemaid,married,basic.4y,unknown,no,yes,telephone,may,tue,70,1,999,0,nonexistent,1.1,93.994,-36.4,4.856,5191,yes
40,admin,married,university.degree,unknown,no,yes,telephone,may,mon,61,1,999,0,nonexistent,1.1,93.994,-36.4,4.857,5191,no
44,bluecollar,single,basic.9y,no,yes,yes,cellular,nov,tue,182,1,999,0,nonexistent,-0.1,93.2,-42,4.153,5195.8,yes
39,technician,married,professional.course,no,no,no,telephone,oct,thu,171,1,999,0,nonexistent,-0.1,93.798,-40.4,4.921,5195.8,no
30,self-employed,married,university.degree,no,yes,no,cellular,jun,fri,138,2,999,0,nonexistent,-2.9,92.963,-40.8,1.268,5076.2,yes
48,admin,married,university.degree,no,yes,no,cellular,aug,wed,203,7,999,0,nonexistent,1.4,93.444,-36.1,4.967,5228.1,no
51,technician,divorced,high.school,no,yes,no,cellular,nov,mon,81,1,999,0,nonexistent,-0.1,93.2,-42,4.191,5195.8,yes
29,admin,married,university.degree,no,no,no,cellular,aug,fri,190,1,999,0,nonexistent,1.4,93.444,-36.1,4.964,5228.1,no
38,bluecollar,single,high.school,no,no,no,cellular,may,fri,136,2,999,0,nonexistent,-1.8,92.893,-46.2,1.313,5099.1,yes
30,bluecollar,married,basic.4y,unknown,yes,no,telephone,may,fri,176,4,999,0,nonexistent,1.1,93.994,-36.4,4.864,5191,no
62,retired,single,university.degree,no,yes,yes,cellular,may,mon,112,1,999,0,nonexistent,-1.8,92.893,-46.2,1.264,5099.1,yes
30,technician,single,professional.course,no,yes,no,cellular,aug,thu,93,4,999,0,nonexistent,1.4,93.444,-36.1,4.968,5228.1,no
36,admin,single,high.school,no,yes,no,cellular,aug,fri,159,1,3,2,success,-2.9,92.201,-31.4,0.849,5076.2,yes
32,student,single,university.degree,no,no,no,telephone,may,fri,21,3,999,0,nonexistent,1.1,93.994,-36.4,4.855,5191,no
56,unemployed,married,basic.9y,no,yes,yes,cellular,nov,fri,322,2,999,0,nonexistent,-0.1,93.2,-42,4.021,5195.8,yes
39,admin,married,high.school,no,yes,no,cellular,nov,mon,58,1,999,0,nonexistent,-0.1,93.2,-42,4.191,5195.8,no
36,admin,single,high.school,no,no,yes,telephone,may,fri,148,2,999,0,nonexistent,1.1,93.994,-36.4,4.857,5191,yes
36,technician,married,university.degree,no,yes,no,cellular,aug,fri,167,1,999,0,nonexistent,1.4,93.444,-36.1,4.966,5228.1,no
34,bluecollar,married,basic.6y,no,yes,no,cellular,may,tue,137,1,999,0,nonexistent,-1.8,92.893,-46.2,1.291,5099.1,yes
21,student,single,high.school,no,no,no,cellular,oct,tue,362,1,999,0,nonexistent,-1.1,94.601,-49.5,0.982,4963.6,no
44,bluecollar,married,basic.9y,unknown,yes,no,cellular,apr,mon,81,3,999,0,nonexistent,-1.8,93.075,-47.1,1.405,5099.1,yes
31,admin,married,high.school,no,no,no,telephone,jun,thu,952,4,999,0,nonexistent,1.4,94.465,-41.8,4.961,5228.1,no
37,admin,single,professional.course,no,no,no,cellular,aug,tue,223,1,999,0,nonexistent,1.4,93.444,-36.1,4.968,5228.1,yes
37,technician,married,university.degree,no,yes,no,telephone,may,tue,8,2,999,0,nonexistent,1.1,93.994,-36.4,4.857,5191,no
30,bluecollar,married,basic.9y,no,yes,no,cellular,jul,thu,58,1,999,0,nonexistent,1.4,93.918,-42.7,4.963,5228.1,yes
47,technician,divorced,professional.course,no,yes,no,cellular,jul,mon,147,2,999,0,nonexistent,1.4,93.918,-42.7,4.962,5228.1,no
41,admin,divorced,high.school,no,no,no,telephone,may,tue,72,3,999,0,nonexistent,1.1,93.994,-36.4,4.857,5191,yes
33,technician,married,professional.course,no,yes,no,telephone,may,wed,316,1,999,0,nonexistent,1.1,93.994,-36.4,4.858,5191,no
57,technician,married,professional.course,no,yes,no,cellular,may,mon,190,2,999,0,nonexistent,-1.8,92.893,-46.2,1.299,5099.1,yes
29,services,single,university.degree,no,no,no,telephone,may,fri,339,5,999,0,nonexistent,1.1,93.994,-36.4,4.859,5191,no
33,admin,divorced,university.degree,no,no,no,cellular,aug,thu,49,1,999,0,nonexistent,1.4,93.444,-36.1,4.962,5228.1,yes
40,admin,divorced,professional.course,no,yes,yes,cellular,aug,fri,90,4,999,0,nonexistent,1.4,93.444,-36.1,4.963,5228.1,no
43,technician,married,university.degree,unknown,unknown,unknown,cellular,may,tue,426,1,999,1,failure,-1.8,92.893,-46.2,1.291,5099.1,yes
27,admin,single,basic.9y,no,yes,yes,cellular,jul,tue,81,2,999,0,nonexistent,1.4,93.918,-42.7,4.961,5228.1,no
41,management,married,university.degree,no,no,no,telephone,may,fri,106,6,999,0,nonexistent,1.1,93.994,-36.4,4.857,5191,yes
58,retired,married,basic.4y,unknown,yes,no,cellular,jul,wed,374,1,999,0,nonexistent,1.4,93.918,-42.7,4.963,5228.1,no
28,bluecollar,married,basic.9y,no,no,yes,telephone,may,mon,329,1,999,0,nonexistent,1.1,93.994,-36.4,4.858,5191,yes
55,admin,divorced,high.school,no,yes,no,cellular,aug,tue,244,2,6,3,success,-1.7,94.027,-38.3,0.904,4991.6,no
54,self-employed,married,university.degree,no,no,no,cellular,oct,thu,99,3,999,0,nonexistent,-1.1,94.601,-49.5,0.987,4963.6,yes
56,management,divorced,university.degree,no,no,no,cellular,nov,wed,287,3,999,0,nonexistent,-0.1,93.2,-42,4.12,5195.8,no
56,unemployed,divorced,high.school,unknown,yes,no,cellular,nov,fri,109,1,999,1,failure,-0.1,93.2,-42,4.021,5195.8,yes
40,technician,married,high.school,no,yes,no,cellular,nov,wed,118,1,999,0,nonexistent,-0.1,93.2,-42,4.12,5195.8,no
49,management,married,university.degree,no,no,no,cellular,jul,mon,86,4,999,0,nonexistent,1.4,93.918,-42.7,4.96,5228.1,yes
30,admin,single,university.degree,no,no,no,cellular,aug,mon,123,4,999,0,nonexistent,1.4,93.444,-36.1,4.963,5228.1,no
29,student,single,professional.course,no,no,no,telephone,nov,fri,232,2,999,0,nonexistent,-0.1,93.2,-42,4.021,5195.8,yes
31,admin,single,university.degree,no,no,yes,cellular,aug,thu,167,1,999,0,nonexistent,1.4,93.444,-36.1,4.963,5228.1,no
30,admin,married,high.school,no,no,no,cellular,may,wed,166,1,999,1,failure,-1.8,92.893,-46.2,1.281,5099.1,yes
34,admin,divorced,university.degree,no,yes,no,cellular,aug,mon,111,4,999,0,nonexistent,1.4,93.444,-36.1,4.963,5228.1,no
44,entrepreneur,divorced,basic.4y,no,no,no,cellular,jul,fri,170,2,999,0,nonexistent,1.4,93.918,-42.7,4.963,5228.1,yes
32,technician,single,university.degree,no,no,no,cellular,may,fri,457,1,999,0,nonexistent,-1.8,92.893,-46.2,1.25,5099.1,no
38,housemaid,divorced,university.degree,no,no,no,cellular,nov,wed,403,2,999,0,nonexistent,-1.1,94.767,-50.8,1.03,4963.6,yes
37,self-employed,married,university.degree,no,yes,no,cellular,nov,fri,48,2,999,0,nonexistent,-0.1,93.2,-42,4.021,5195.8,no
29,technician,married,university.degree,no,no,no,cellular,jul,thu,5,23,999,0,nonexistent,1.4,93.918,-42.7,4.968,5228.1,yes
30,admin,single,university.degree,no,yes,no,cellular,aug,mon,374,12,999,0,nonexistent,1.4,93.444,-36.1,4.963,5228.1,no
54,management,married,university.degree,no,yes,no,cellular,apr,thu,85,1,999,0,nonexistent,-1.8,93.075,-47.1,1.365,5099.1,yes
43,bluecollar,married,basic.9y,no,yes,yes,cellular,jul,tue,393,2,999,0,nonexistent,1.4,93.918,-42.7,4.961,5228.1,no
33,admin,married,university.degree,no,no,no,telephone,may,wed,92,5,999,0,nonexistent,1.1,93.994,-36.4,4.857,5191,yes
32,admin,single,university.degree,unknown,yes,no,cellular,aug,fri,256,1,999,0,nonexistent,1.4,93.444,-36.1,4.963,5228.1,no
57,retired,married,professional.course,no,yes,no,cellular,nov,thu,124,6,999,0,nonexistent,-1.1,94.767,-50.8,1.031,4963.6,yes
29,admin,married,university.degree,no,yes,no,cellular,aug,fri,137,2,999,0,nonexistent,1.4,93.444,-36.1,4.964,5228.1,no
36,entrepreneur,married,unknown,unknown,yes,no,cellular,jul,mon,44,3,999,0,nonexistent,1.4,93.918,-42.7,4.96,5228.1,yes
48,bluecollar,married,basic.9y,no,yes,no,cellular,may,tue,268,1,3,3,success,-1.8,93.876,-40,0.668,5008.7,no
30,bluecollar,married,basic.9y,no,yes,yes,cellular,may,mon,231,1,999,0,nonexistent,-1.8,92.893,-46.2,1.299,5099.1,yes
45,admin,married,university.degree,no,yes,no,cellular,sep,fri,64,1,999,2,failure,-3.4,92.379,-29.8,0.741,5017.5,no
42,bluecollar,married,basic.6y,no,yes,no,cellular,may,thu,56,1,999,0,nonexistent,-1.8,92.893,-46.2,1.327,5099.1,yes
31,admin,single,high.school,no,no,no,cellular,jul,wed,96,2,999,0,nonexistent,1.4,93.918,-42.7,4.962,5228.1,no
28,services,single,unknown,no,yes,no,cellular,may,tue,83,9,999,1,failure,-1.8,92.893,-46.2,1.344,5099.1,yes
53,services,married,unknown,no,yes,no,cellular,jun,tue,501,3,999,0,nonexistent,-2.9,92.963,-40.8,1.262,5076.2,no
58,admin,married,university.degree,no,yes,no,telephone,oct,mon,9,1,999,0,nonexistent,-1.1,94.601,-49.5,0.953,4963.6,yes
32,services,married,high.school,no,no,yes,cellular,apr,fri,340,2,999,0,nonexistent,-1.8,93.075,-47.1,1.405,5099.1,no
31,unemployed,married,university.degree,no,no,no,cellular,aug,wed,124,3,999,0,nonexistent,1.4,93.444,-36.1,4.964,5228.1,yes
53,bluecollar,married,basic.4y,no,no,no,cellular,nov,mon,545,1,999,0,nonexistent,-0.1,93.2,-42,4.191,5195.8,no
53,admin,married,basic.9y,no,no,no,telephone,may,wed,35,1,999,0,nonexistent,1.1,93.994,-36.4,4.858,5191,yes
32,housemaid,married,university.degree,no,yes,yes,cellular,aug,wed,73,1,999,0,nonexistent,1.4,93.444,-36.1,4.964,5228.1,no
32,services,single,basic.6y,no,unknown,unknown,telephone,jun,thu,131,3,999,0,nonexistent,1.4,94.465,-41.8,4.866,5228.1,yes
43,unemployed,married,basic.9y,no,yes,no,telephone,may,thu,305,2,999,0,nonexistent,1.1,93.994,-36.4,4.855,5191,no
44,housemaid,married,basic.4y,unknown,no,no,telephone,jun,thu,124,2,999,0,nonexistent,1.4,94.465,-41.8,4.866,5228.1,yes
45,bluecollar,married,high.school,unknown,no,no,cellular,aug,thu,124,3,999,0,nonexistent,1.4,93.444,-36.1,4.968,5228.1,no
41,bluecollar,married,unknown,unknown,no,no,cellular,apr,fri,203,1,999,1,failure,-1.8,93.075,-47.1,1.405,5099.1,yes
64,unknown,married,unknown,no,yes,yes,cellular,aug,thu,219,1,999,0,nonexistent,-2.9,92.201,-31.4,0.873,5076.2,no
30,self-employed,married,university.degree,no,yes,no,telephone,jul,thu,150,10,999,0,nonexistent,1.4,93.918,-42.7,4.963,5228.1,yes
31,technician,married,professional.course,no,no,no,cellular,jul,thu,3643,1,999,0,nonexistent,1.4,93.918,-42.7,4.963,5228.1,no
27,admin,single,high.school,unknown,no,no,cellular,jul,mon,1105,2,999,0,nonexistent,1.4,93.918,-42.7,4.96,5228.1,yes
38,technician,married,professional.course,no,yes,yes,cellular,nov,wed,11,3,999,0,nonexistent,-0.1,93.2,-42,4.12,5195.8,no
37,admin,single,university.degree,no,no,yes,cellular,may,mon,553,1,999,1,failure,-1.8,92.893,-46.2,1.299,5099.1,yes
50,bluecollar,married,basic.9y,unknown,unknown,unknown,telephone,jul,thu,90,1,999,0,nonexistent,1.4,93.918,-42.7,4.966,5228.1,no
60,technician,divorced,professional.course,unknown,yes,no,telephone,may,wed,202,6,999,0,nonexistent,1.1,93.994,-36.4,4.858,5191,yes
50,technician,divorced,professional.course,no,no,no,cellular,aug,mon,73,2,999,0,nonexistent,1.4,93.444,-36.1,4.965,5228.1,no
34,admin,single,high.school,no,no,no,cellular,jul,wed,127,1,999,0,nonexistent,1.4,93.918,-42.7,4.962,5228.1,yes
45,admin,married,basic.6y,no,no,yes,cellular,jul,fri,268,2,999,0,nonexistent,1.4,93.918,-42.7,4.962,5228.1,no
39,services,single,professional.course,unknown,yes,no,cellular,may,thu,199,1,999,1,failure,-1.8,92.893,-46.2,1.327,5099.1,yes
36,bluecollar,married,basic.6y,unknown,no,no,telephone,may,thu,166,1,999,0,nonexistent,1.1,93.994,-36.4,4.855,5191,no
34,management,married,high.school,no,yes,no,cellular,jul,tue,838,3,999,0,nonexistent,1.4,93.918,-42.7,4.961,5228.1,yes
31,bluecollar,divorced,high.school,no,yes,no,cellular,may,wed,829,1,999,1,failure,-1.8,92.893,-46.2,1.281,5099.1,no
27,student,single,university.degree,no,yes,no,telephone,may,mon,104,1,999,0,nonexistent,1.1,93.994,-36.4,4.858,5191,yes
35,bluecollar,married,basic.6y,no,yes,no,telephone,may,mon,312,1,999,0,nonexistent,1.1,93.994,-36.4,4.857,5191,no
50,technician,married,university.degree,no,no,no,cellular,jul,fri,146,1,999,0,nonexistent,1.4,93.918,-42.7,4.962,5228.1,yes
53,management,married,university.degree,no,yes,no,cellular,nov,tue,313,2,999,0,nonexistent,-0.1,93.2,-42,4.153,5195.8,no
27,bluecollar,married,basic.4y,no,yes,no,cellular,may,thu,88,2,999,0,nonexistent,-1.8,92.893,-46.2,1.266,5099.1,yes
57,housemaid,married,university.degree,no,no,no,cellular,jul,wed,388,1,999,0,nonexistent,1.4,93.918,-42.7,4.962,5228.1,no
37,bluecollar,married,basic.9y,no,unknown,unknown,cellular,may,wed,136,5,999,0,nonexistent,-1.8,92.893,-46.2,1.334,5099.1,yes
59,technician,married,basic.6y,unknown,no,no,telephone,may,thu,24,16,999,0,nonexistent,1.1,93.994,-36.4,4.86,5191,no
49,housemaid,married,professional.course,no,no,no,telephone,may,thu,565,1,999,0,nonexistent,1.1,93.994,-36.4,4.86,5191,yes
32,management,married,high.school,no,no,yes,cellular,nov,mon,256,2,999,0,nonexistent,-0.1,93.2,-42,4.191,5195.8,no
34,unemployed,married,basic.9y,no,yes,no,cellular,may,thu,218,4,999,0,nonexistent,-1.8,92.893,-46.2,1.266,5099.1,yes
25,self-employed,single,university.degree,no,no,no,telephone,may,wed,199,2,999,0,nonexistent,1.1,93.994,-36.4,4.857,5191,no
45,bluecollar,married,basic.9y,unknown,yes,yes,telephone,may,wed,207,1,999,0,nonexistent,1.1,93.994,-36.4,4.856,5191,yes
34,bluecollar,married,basic.6y,unknown,no,no,telephone,jun,fri,651,1,999,0,nonexistent,1.4,94.465,-41.8,4.967,5228.1,no
29,admin,single,university.degree,no,no,no,telephone,jun,thu,247,2,999,0,nonexistent,-2.9,92.963,-40.8,1.26,5076.2,yes
53,bluecollar,married,unknown,unknown,yes,no,cellular,jul,fri,386,2,999,0,nonexistent,1.4,93.918,-42.7,4.962,5228.1,no
29,technician,single,professional.course,unknown,yes,no,cellular,nov,thu,239,1,999,0,nonexistent,-0.1,93.2,-42,4.076,5195.8,yes
39,housemaid,married,basic.4y,no,no,no,cellular,aug,thu,183,1,999,0,nonexistent,1.4,93.444,-36.1,4.963,5228.1,no
40,admin,divorced,high.school,no,yes,no,cellular,may,fri,164,1,999,0,nonexistent,-1.8,92.893,-46.2,1.25,5099.1,yes
27,services,single,university.degree,no,yes,no,cellular,mar,mon,104,1,6,1,success,-1.8,93.369,-34.8,0.652,5008.7,no
55,unemployed,married,basic.9y,no,yes,no,cellular,oct,tue,156,1,999,0,nonexistent,-3.4,92.431,-26.9,0.728,5017.5,yes
32,services,married,high.school,no,no,no,cellular,aug,wed,55,1,999,0,nonexistent,1.4,93.444,-36.1,4.964,5228.1,no
54,admin,married,professional.course,no,yes,no,cellular,aug,wed,103,4,999,0,nonexistent,1.4,93.444,-36.1,4.964,5228.1,yes
39,unemployed,married,university.degree,unknown,yes,no,cellular,nov,mon,74,1,999,1,failure,-0.1,93.2,-42,4.191,5195.8,no
43,technician,divorced,professional.course,no,no,no,telephone,may,thu,644,1,999,0,nonexistent,1.1,93.994,-36.4,4.86,5191,yes
41,bluecollar,divorced,basic.4y,no,yes,no,telephone,jun,wed,122,1,999,0,nonexistent,1.4,94.465,-41.8,4.962,5228.1,no
26,admin,married,high.school,no,no,yes,cellular,nov,wed,112,1,999,1,failure,-3.4,92.649,-30.1,0.719,5017.5,yes
52,technician,married,professional.course,no,yes,yes,cellular,aug,wed,203,3,999,0,nonexistent,1.4,93.444,-36.1,4.965,5228.1,no
44,admin,married,university.degree,no,no,no,cellular,aug,wed,96,2,4,1,success,-2.9,92.201,-31.4,0.879,5076.2,yes
38,bluecollar,married,basic.9y,unknown,no,no,cellular,nov,wed,145,3,999,0,nonexistent,-0.1,93.2,-42,4.12,5195.8,no
42,services,married,university.degree,no,unknown,unknown,cellular,jun,tue,122,1,999,1,failure,-2.9,92.963,-40.8,1.099,5076.2,yes
44,admin,married,university.degree,no,no,no,cellular,nov,fri,135,2,999,0,nonexistent,-0.1,93.2,-42,4.021,5195.8,no
27,admin,single,basic.6y,no,yes,no,telephone,may,fri,195,4,999,0,nonexistent,-1.8,92.893,-46.2,1.25,5099.1,yes
28,management,married,university.degree,no,no,no,telephone,jun,wed,771,2,999,0,nonexistent,1.4,94.465,-41.8,4.962,5228.1,no
47,housemaid,married,university.degree,no,yes,no,cellular,aug,mon,232,2,999,0,nonexistent,-2.9,92.201,-31.4,0.843,5076.2,yes
34,services,married,high.school,no,yes,no,cellular,jul,mon,206,6,999,0,nonexistent,1.4,93.918,-42.7,4.96,5228.1,no
55,bluecollar,divorced,basic.4y,unknown,yes,yes,cellular,may,mon,163,1,999,1,failure,-1.8,92.893,-46.2,1.299,5099.1,yes
34,bluecollar,married,basic.9y,no,yes,no,telephone,may,mon,513,1,999,0,nonexistent,1.1,93.994,-36.4,4.858,5191,no
25,admin,single,university.degree,no,no,no,telephone,aug,tue,103,3,999,0,nonexistent,-2.9,92.201,-31.4,0.838,5076.2,yes
31,technician,single,professional.course,no,yes,no,cellular,aug,tue,150,1,999,0,nonexistent,1.4,93.444,-36.1,4.963,5228.1,no
35,admin,married,high.school,unknown,yes,no,cellular,jul,fri,393,1,999,0,nonexistent,1.4,93.918,-42.7,4.963,5228.1,yes
50,management,married,university.degree,no,no,no,cellular,sep,thu,718,4,999,3,failure,-1.1,94.199,-37.5,0.878,4963.6,no
22,bluecollar,single,basic.9y,no,no,no,cellular,jul,fri,106,1,999,0,nonexistent,1.4,93.918,-42.7,4.957,5228.1,yes
48,unknown,married,basic.4y,unknown,no,no,telephone,may,tue,375,1,999,0,nonexistent,1.1,93.994,-36.4,4.856,5191,no
35,bluecollar,married,basic.4y,unknown,no,no,telephone,may,wed,36,1,999,0,nonexistent,1.1,93.994,-36.4,4.857,5191,yes
34,technician,married,professional.course,no,yes,no,cellular,nov,wed,107,2,999,0,nonexistent,-0.1,93.2,-42,4.12,5195.8,no
50,bluecollar,married,basic.4y,no,yes,yes,telephone,nov,tue,234,3,999,0,nonexistent,-0.1,93.2,-42,4.153,5195.8,yes
25,student,single,high.school,no,yes,no,cellular,jul,tue,112,1,999,1,failure,-2.9,92.469,-33.6,1.044,5076.2,no
51,entrepreneur,divorced,university.degree,no,yes,no,telephone,may,mon,231,1,999,1,failure,-1.8,92.893,-46.2,1.299,5099.1,yes
32,student,single,high.school,unknown,yes,no,telephone,may,tue,107,1,999,0,nonexistent,1.1,93.994,-36.4,4.856,5191,no
59,management,married,university.degree,no,yes,no,cellular,dec,thu,646,3,6,1,success,-3,92.713,-33,0.7,5023.5,yes
37,bluecollar,married,basic.9y,unknown,no,no,cellular,may,wed,138,1,999,0,nonexistent,-1.8,92.893,-46.2,1.334,5099.1,no
40,bluecollar,married,basic.4y,no,no,no,cellular,nov,tue,181,1,999,1,failure,-0.1,93.2,-42,4.153,5195.8,yes
26,technician,single,professional.course,no,yes,no,telephone,jun,wed,605,1,999,0,nonexistent,1.4,94.465,-41.8,4.864,5228.1,no
32,admin,married,high.school,no,no,no,cellular,may,thu,84,1,999,0,nonexistent,-1.8,92.893,-46.2,1.327,5099.1,yes
33,management,single,university.degree,no,yes,yes,cellular,apr,wed,1176,1,999,0,nonexistent,-1.8,93.075,-47.1,1.498,5099.1,no
35,self-employed,married,basic.4y,unknown,no,no,telephone,jun,thu,140,1,999,0,nonexistent,1.4,94.465,-41.8,4.961,5228.1,yes
32,student,single,university.degree,no,yes,no,telephone,jun,wed,209,12,999,0,nonexistent,1.4,94.465,-41.8,4.962,5228.1,no
35,admin,married,high.school,unknown,no,no,cellular,jul,mon,356,3,999,0,nonexistent,1.4,93.918,-42.7,4.962,5228.1,yes
31,technician,single,university.degree,no,yes,no,cellular,nov,mon,984,1,999,0,nonexistent,-0.1,93.2,-42,4.191,5195.8,no
38,bluecollar,married,basic.9y,no,no,no,telephone,jun,fri,693,3,999,0,nonexistent,1.4,94.465,-41.8,4.959,5228.1,yes
30,student,single,high.school,no,no,no,cellular,aug,tue,592,3,999,1,failure,-1.7,94.027,-38.3,0.899,4991.6,no
32,services,married,high.school,no,yes,no,telephone,may,wed,628,2,999,0,nonexistent,-1.8,92.893,-46.2,1.27,5099.1,yes
44,bluecollar,married,basic.9y,no,no,no,cellular,may,thu,556,3,999,0,nonexistent,-1.8,92.893,-46.2,1.327,5099.1,no
35,admin,single,university.degree,no,yes,no,cellular,jul,mon,673,8,999,0,nonexistent,1.4,93.918,-42.7,4.962,5228.1,yes
48,bluecollar,married,basic.9y,unknown,no,no,telephone,jun,thu,454,4,999,0,nonexistent,1.4,94.465,-41.8,4.958,5228.1,no
52,retired,married,university.degree,unknown,no,no,cellular,nov,wed,172,1,999,1,failure,-0.1,93.2,-42,4.12,5195.8,yes
41,bluecollar,married,basic.9y,no,yes,yes,cellular,may,fri,198,1,999,0,nonexistent,-1.8,92.893,-46.2,1.313,5099.1,no
65,housemaid,married,basic.4y,no,no,no,cellular,jun,mon,89,2,999,0,nonexistent,-2.9,92.963,-40.8,1.266,5076.2,yes
43,services,divorced,high.school,no,no,no,cellular,jul,mon,122,2,999,0,nonexistent,1.4,93.918,-42.7,4.962,5228.1,no
40,bluecollar,married,professional.course,no,no,yes,cellular,nov,mon,80,1,999,1,failure,-0.1,93.2,-42,4.191,5195.8,yes
30,admin,married,university.degree,no,no,no,cellular,jul,fri,70,1,999,0,nonexistent,1.4,93.918,-42.7,4.957,5228.1,no
66,retired,divorced,high.school,no,no,no,cellular,jul,wed,211,1,999,1,failure,-1.7,94.215,-40.3,0.896,4991.6,yes
44,services,single,high.school,no,no,no,telephone,jun,mon,20,1,999,0,nonexistent,-1.7,94.055,-39.8,0.72,4991.6,no
35,admin,married,high.school,no,yes,yes,telephone,jun,mon,172,1,999,0,nonexistent,1.4,94.465,-41.8,4.961,5228.1,yes
57,management,married,university.degree,unknown,no,no,cellular,aug,wed,338,2,999,0,nonexistent,1.4,93.444,-36.1,4.965,5228.1,no
26,bluecollar,single,basic.6y,no,no,no,telephone,jun,wed,83,2,999,0,nonexistent,1.4,94.465,-41.8,4.864,5228.1,yes
39,unemployed,married,university.degree,no,yes,no,telephone,jun,thu,72,1,999,0,nonexistent,1.4,94.465,-41.8,4.958,5228.1,no
45,services,married,basic.6y,no,unknown,unknown,telephone,jun,wed,173,10,999,0,nonexistent,1.4,94.465,-41.8,4.864,5228.1,yes
35,technician,single,professional.course,no,yes,no,cellular,nov,thu,192,2,999,1,failure,-3.4,92.649,-30.1,0.714,5017.5,no
42,housemaid,married,university.degree,no,no,no,cellular,nov,mon,90,4,999,1,failure,-0.1,93.2,-42,4.191,5195.8,yes
36,admin,single,university.degree,no,no,no,cellular,oct,wed,146,1,999,1,failure,-3.4,92.431,-26.9,0.742,5017.5,no
46,admin,single,university.degree,no,no,yes,cellular,may,mon,195,1,999,0,nonexistent,-1.8,92.893,-46.2,1.264,5099.1,yes
35,self-employed,married,university.degree,no,yes,no,cellular,jul,mon,192,3,999,0,nonexistent,1.4,93.918,-42.7,4.962,5228.1,no
24,admin,single,high.school,no,yes,no,cellular,jul,wed,145,4,999,0,nonexistent,1.4,93.918,-42.7,4.957,5228.1,yes
50,technician,married,university.degree,no,yes,no,cellular,aug,mon,204,5,999,0,nonexistent,1.4,93.444,-36.1,4.965,5228.1,no
36,admin,single,university.degree,no,no,no,cellular,jul,thu,67,6,999,0,nonexistent,1.4,93.918,-42.7,4.968,5228.1,yes
39,technician,single,professional.course,no,no,no,telephone,jul,thu,206,1,999,0,nonexistent,1.4,93.918,-42.7,4.966,5228.1,no
57,bluecollar,married,basic.4y,unknown,yes,no,cellular,jul,mon,769,3,999,0,nonexistent,1.4,93.918,-42.7,4.96,5228.1,yes
42,bluecollar,married,basic.4y,no,no,no,telephone,jun,tue,110,4,999,0,nonexistent,1.4,94.465,-41.8,4.864,5228.1,no
31,bluecollar,single,university.degree,no,no,no,cellular,jul,fri,35,3,999,0,nonexistent,1.4,93.918,-42.7,4.957,5228.1,yes
41,admin,single,unknown,no,yes,yes,telephone,may,mon,1111,3,999,0,nonexistent,1.1,93.994,-36.4,4.857,5191,no
25,bluecollar,married,basic.4y,no,no,no,cellular,may,fri,114,2,999,0,nonexistent,-1.8,92.893,-46.2,1.25,5099.1,yes
58,bluecollar,married,basic.4y,no,yes,no,telephone,jul,thu,48,6,999,0,nonexistent,1.4,93.918,-42.7,4.962,5228.1,no
33,self-employed,married,university.degree,no,no,no,telephone,may,tue,367,5,999,0,nonexistent,1.1,93.994,-36.4,4.857,5191,yes
42,technician,single,unknown,no,no,no,telephone,may,tue,162,4,999,0,nonexistent,1.1,93.994,-36.4,4.856,5191,no
41,management,married,university.degree,unknown,no,no,telephone,may,mon,213,2,999,0,nonexistent,1.1,93.994,-36.4,4.857,5191,yes
49,bluecollar,divorced,basic.6y,no,no,no,cellular,nov,wed,55,1,999,0,nonexistent,-0.1,93.2,-42,4.12,5195.8,no
44,bluecollar,married,basic.9y,unknown,yes,no,telephone,may,mon,33,4,999,0,nonexistent,1.1,93.994,-36.4,4.857,5191,yes
52,services,married,university.degree,no,no,no,telephone,jun,mon,119,1,999,0,nonexistent,1.4,94.465,-41.8,4.96,5228.1,no
26,bluecollar,married,basic.9y,no,no,no,cellular,may,wed,45,2,999,2,failure,-1.8,92.893,-46.2,1.334,5099.1,yes
43,admin,married,high.school,unknown,no,no,cellular,may,wed,431,2,999,0,nonexistent,-1.8,92.893,-46.2,1.281,5099.1,no
43,technician,married,university.degree,no,yes,no,cellular,aug,mon,134,4,999,0,nonexistent,1.4,93.444,-36.1,4.963,5228.1,yes
26,housemaid,married,basic.4y,no,yes,no,cellular,jul,mon,149,2,999,0,nonexistent,1.4,93.918,-42.7,4.96,5228.1,no
34,bluecollar,married,basic.6y,no,yes,no,cellular,may,tue,162,1,999,1,failure,-1.8,92.893,-46.2,1.344,5099.1,yes
24,services,single,high.school,no,no,no,telephone,may,mon,401,2,999,0,nonexistent,1.1,93.994,-36.4,4.858,5191,no
33,self-employed,single,university.degree,no,no,no,telephone,may,fri,92,1,999,0,nonexistent,1.1,93.994,-36.4,4.857,5191,yes
38,self-employed,single,unknown,no,no,no,cellular,jul,tue,843,8,999,0,nonexistent,1.4,93.918,-42.7,4.961,5228.1,no
31,bluecollar,married,basic.4y,unknown,no,no,telephone,may,mon,363,2,999,0,nonexistent,1.1,93.994,-36.4,4.857,5191,yes
32,admin,divorced,university.degree,no,yes,no,cellular,jul,thu,668,1,999,0,nonexistent,1.4,93.918,-42.7,4.963,5228.1,no
25,self-employed,single,unknown,no,no,no,cellular,apr,mon,131,2,999,1,failure,-1.8,93.749,-34.6,0.643,5008.7,yes
26,admin,single,university.degree,no,no,no,telephone,jul,wed,342,5,999,0,nonexistent,1.4,93.918,-42.7,4.963,5228.1,no
56,retired,married,basic.4y,no,no,no,telephone,may,wed,88,2,999,0,nonexistent,1.1,93.994,-36.4,4.857,5191,yes
38,bluecollar,married,basic.6y,no,no,no,telephone,may,thu,21,9,999,0,nonexistent,1.1,93.994,-36.4,4.855,5191,no
37,admin,married,high.school,no,yes,no,telephone,nov,fri,136,1,999,0,nonexistent,-3.4,92.649,-30.1,0.716,5017.5,yes
22,bluecollar,single,basic.9y,no,yes,yes,cellular,jul,mon,848,1,999,0,nonexistent,1.4,93.918,-42.7,4.96,5228.1,no
50,bluecollar,married,basic.9y,no,no,no,telephone,jun,tue,128,6,999,0,nonexistent,1.4,94.465,-41.8,4.864,5228.1,yes
34,bluecollar,married,basic.9y,no,no,no,telephone,may,wed,606,1,999,0,nonexistent,1.1,93.994,-36.4,4.859,5191,no
35,technician,single,university.degree,no,yes,no,cellular,may,mon,271,2,999,0,nonexistent,-1.8,92.893,-46.2,1.299,5099.1,yes
48,services,divorced,basic.9y,no,unknown,unknown,cellular,may,thu,67,7,999,0,nonexistent,-1.8,92.893,-46.2,1.266,5099.1,no
25,admin,married,high.school,no,no,no,cellular,jul,wed,95,1,999,0,nonexistent,1.4,93.918,-42.7,4.962,5228.1,yes
39,bluecollar,single,basic.4y,no,no,no,cellular,may,thu,93,1,999,0,nonexistent,-1.8,92.893,-46.2,1.266,5099.1,no
52,technician,married,professional.course,no,yes,yes,cellular,sep,mon,211,1,999,1,failure,-3.4,92.379,-29.8,0.797,5017.5,yes
48,technician,married,university.degree,no,no,no,cellular,aug,fri,239,1,999,0,nonexistent,1.4,93.444,-36.1,4.964,5228.1,no
44,bluecollar,single,basic.9y,unknown,yes,no,cellular,apr,fri,225,3,999,2,failure,-1.8,93.075,-47.1,1.405,5099.1,yes
30,technician,single,professional.course,no,yes,no,cellular,aug,wed,178,2,999,0,nonexistent,1.4,93.444,-36.1,4.964,5228.1,no
32,management,married,high.school,no,no,no,telephone,jun,tue,206,1,999,0,nonexistent,1.4,94.465,-41.8,4.864,5228.1,yes
52,unemployed,married,university.degree,no,no,no,cellular,nov,fri,115,1,999,1,failure,-0.1,93.2,-42,4.021,5195.8,no
44,bluecollar,single,professional.course,no,no,no,cellular,oct,tue,123,2,999,0,nonexistent,-3.4,92.431,-26.9,0.742,5017.5,yes
29,admin,single,university.degree,no,yes,yes,cellular,aug,thu,254,3,3,1,success,-2.9,92.201,-31.4,0.873,5076.2,no
41,admin,married,university.degree,no,no,no,cellular,aug,wed,85,5,999,0,nonexistent,1.4,93.444,-36.1,4.964,5228.1,yes
26,technician,married,high.school,no,yes,no,telephone,may,fri,305,2,999,0,nonexistent,1.1,93.994,-36.4,4.855,5191,no
32,admin,single,university.degree,no,yes,no,cellular,aug,fri,233,1,999,0,nonexistent,1.4,93.444,-36.1,4.966,5228.1,yes
31,admin,single,university.degree,no,yes,no,cellular,aug,tue,191,2,999,0,nonexistent,1.4,93.444,-36.1,4.963,5228.1,no
29,admin,single,basic.9y,unknown,yes,no,telephone,may,wed,198,1,999,0,nonexistent,1.1,93.994,-36.4,4.857,5191,yes
58,bluecollar,married,basic.4y,unknown,yes,no,telephone,may,thu,148,3,999,0,nonexistent,1.1,93.994,-36.4,4.86,5191,no
56,technician,married,basic.4y,unknown,unknown,unknown,telephone,may,tue,272,1,999,0,nonexistent,1.1,93.994,-36.4,4.856,5191,yes
23,bluecollar,single,professional.course,no,yes,no,cellular,may,fri,136,3,999,1,failure,-1.8,92.893,-46.2,1.25,5099.1,no
50,technician,married,professional.course,no,yes,no,telephone,may,fri,855,2,999,0,nonexistent,1.1,93.994,-36.4,4.864,5191,yes
29,admin,married,university.degree,no,yes,no,cellular,may,mon,565,1,999,0,nonexistent,-1.8,92.893,-46.2,1.244,5099.1,no
31,admin,single,university.degree,no,yes,yes,cellular,aug,thu,140,3,999,0,nonexistent,1.4,93.444,-36.1,4.962,5228.1,yes
48,housemaid,married,basic.4y,no,no,no,cellular,aug,mon,248,1,999,0,nonexistent,1.4,93.444,-36.1,4.965,5228.1,no
27,bluecollar,single,unknown,no,unknown,unknown,cellular,jul,tue,81,4,999,0,nonexistent,1.4,93.918,-42.7,4.961,5228.1,yes
24,technician,divorced,professional.course,no,no,no,cellular,apr,fri,332,1,999,1,failure,-1.8,93.075,-47.1,1.405,5099.1,no
35,technician,married,high.school,no,no,no,telephone,may,wed,208,3,999,0,nonexistent,1.1,93.994,-36.4,4.858,5191,yes
42,technician,married,university.degree,unknown,no,no,telephone,jun,tue,228,1,999,0,nonexistent,1.4,94.465,-41.8,4.864,5228.1,no
37,admin,married,high.school,no,no,no,cellular,may,mon,14,3,999,0,nonexistent,-1.8,92.893,-46.2,1.244,5099.1,yes
33,admin,married,university.degree,no,yes,no,cellular,aug,tue,118,3,999,0,nonexistent,1.4,93.444,-36.1,4.963,5228.1,no
58,management,married,university.degree,no,no,no,cellular,aug,mon,164,2,999,0,nonexistent,1.4,93.444,-36.1,4.965,5228.1,yes
54,retired,married,basic.9y,no,yes,no,cellular,jul,thu,148,1,999,0,nonexistent,1.4,93.918,-42.7,4.962,5228.1,no
54,technician,married,professional.course,no,yes,no,cellular,nov,tue,149,2,999,0,nonexistent,-0.1,93.2,-42,4.153,5195.8,yes
39,technician,single,professional.course,no,no,no,cellular,aug,mon,71,1,999,0,nonexistent,1.4,93.444,-36.1,4.965,5228.1,no
48,admin,married,basic.9y,unknown,no,no,telephone,may,thu,517,3,999,0,nonexistent,1.1,93.994,-36.4,4.86,5191,yes
34,bluecollar,divorced,basic.4y,no,no,no,cellular,apr,fri,204,5,999,0,nonexistent,-1.8,93.075,-47.1,1.405,5099.1,no
28,bluecollar,single,basic.9y,unknown,no,no,cellular,may,wed,77,3,999,0,nonexistent,-1.8,92.893,-46.2,1.334,5099.1,yes
30,admin,single,high.school,no,no,no,cellular,aug,fri,72,1,999,0,nonexistent,1.4,93.444,-36.1,4.964,5228.1,no
59,retired,married,professional.course,no,yes,no,telephone,jun,tue,77,8,999,0,nonexistent,1.4,94.465,-41.8,4.864,5228.1,yes
29,admin,single,high.school,unknown,yes,no,cellular,jul,fri,139,2,999,0,nonexistent,1.4,93.918,-42.7,4.963,5228.1,no
25,admin,married,high.school,no,no,no,telephone,may,fri,498,1,999,0,nonexistent,1.1,93.994,-36.4,4.855,5191,yes
47,admin,divorced,high.school,no,yes,no,cellular,sep,tue,159,1,999,1,failure,-3.4,92.379,-29.8,0.755,5017.5,no
32,admin,married,university.degree,no,no,yes,cellular,aug,tue,301,3,999,0,nonexistent,1.4,93.444,-36.1,4.965,5228.1,yes
30,bluecollar,married,basic.6y,no,no,no,telephone,jun,tue,338,1,999,0,nonexistent,1.4,94.465,-41.8,4.864,5228.1,no
24,technician,single,university.degree,no,no,no,cellular,oct,wed,197,1,999,0,nonexistent,-3.4,92.431,-26.9,0.724,5017.5,yes
58,entrepreneur,married,high.school,no,no,no,cellular,sep,mon,145,1,999,2,failure,-1.1,94.199,-37.5,0.882,4963.6,no
44,management,married,university.degree,no,no,no,telephone,may,wed,158,2,999,0,nonexistent,1.1,93.994,-36.4,4.859,5191,yes
36,admin,married,university.degree,no,yes,yes,cellular,sep,tue,28,2,999,0,nonexistent,-3.4,92.379,-29.8,0.819,5017.5,no
33,self-employed,divorced,basic.9y,no,yes,no,telephone,may,tue,355,1,999,0,nonexistent,1.1,93.994,-36.4,4.856,5191,yes
31,bluecollar,single,high.school,no,no,no,cellular,jul,mon,42,6,999,0,nonexistent,1.4,93.918,-42.7,4.96,5228.1,no
38,admin,single,university.degree,unknown,yes,no,telephone,jun,tue,992,1,999,0,nonexistent,1.4,94.465,-41.8,4.864,5228.1,yes
35,management,married,university.degree,no,yes,no,cellular,aug,thu,108,4,999,0,nonexistent,1.4,93.444,-36.1,4.962,5228.1,no
29,bluecollar,married,basic.9y,no,no,no,cellular,may,fri,202,2,999,0,nonexistent,-1.8,92.893,-46.2,1.313,5099.1,yes
58,management,married,university.degree,no,yes,no,cellular,jul,mon,260,1,999,0,nonexistent,1.4,93.918,-42.7,4.96,5228.1,no
43,bluecollar,married,basic.4y,no,yes,no,telephone,may,tue,269,3,999,0,nonexistent,1.1,93.994,-36.4,4.857,5191,yes
55,self-employed,married,basic.4y,unknown,unknown,unknown,cellular,aug,thu,169,5,999,0,nonexistent,1.4,93.444,-36.1,4.964,5228.1,no
53,management,married,university.degree,unknown,yes,no,telephone,may,tue,186,1,999,0,nonexistent,1.1,93.994,-36.4,4.856,5191,yes
38,entrepreneur,married,basic.9y,no,yes,no,cellular,jul,fri,215,3,999,0,nonexistent,1.4,93.918,-42.7,4.957,5228.1,no
36,technician,single,professional.course,no,no,no,cellular,jul,thu,54,4,999,0,nonexistent,1.4,93.918,-42.7,4.958,5228.1,yes
56,retired,married,professional.course,no,no,no,cellular,aug,tue,139,2,999,0,nonexistent,1.4,93.444,-36.1,4.965,5228.1,no
32,admin,married,university.degree,no,no,no,telephone,may,thu,99,2,999,0,nonexistent,1.1,93.994,-36.4,4.86,5191,yes
48,bluecollar,married,basic.9y,no,yes,no,telephone,aug,fri,67,2,999,0,nonexistent,1.4,93.444,-36.1,4.964,5228.1,no
31,technician,married,university.degree,no,no,no,telephone,nov,mon,57,4,999,0,nonexistent,-3.4,92.649,-30.1,0.714,5017.5,yes
50,self-employed,married,basic.4y,unknown,yes,no,cellular,aug,mon,311,1,999,0,nonexistent,1.4,93.444,-36.1,4.97,5228.1,no
38,services,married,high.school,unknown,yes,no,telephone,jun,mon,25,7,999,0,nonexistent,1.4,94.465,-41.8,4.865,5228.1,yes
34,admin,single,university.degree,unknown,no,no,telephone,jun,thu,17,16,999,0,nonexistent,1.4,94.465,-41.8,4.866,5228.1,no
41,bluecollar,married,basic.4y,no,yes,no,cellular,may,tue,234,1,999,2,failure,-1.8,92.893,-46.2,1.344,5099.1,yes
51,management,married,university.degree,no,yes,no,cellular,aug,thu,386,1,999,0,nonexistent,1.4,93.444,-36.1,4.964,5228.1,no
26,admin,single,high.school,no,no,no,telephone,may,fri,619,2,999,0,nonexistent,1.1,93.994,-36.4,4.859,5191,yes
34,admin,single,university.degree,no,no,no,cellular,sep,fri,260,3,3,2,success,-3.4,92.379,-29.8,0.773,5017.5,no
41,technician,married,university.degree,unknown,yes,yes,cellular,apr,thu,139,1,999,0,nonexistent,-1.8,93.075,-47.1,1.435,5099.1,yes
41,technician,married,professional.course,no,unknown,unknown,cellular,jun,tue,318,1,4,3,success,-2.9,92.963,-40.8,1.262,5076.2,no
26,bluecollar,married,basic.9y,no,yes,no,telephone,jun,wed,71,1,999,0,nonexistent,1.4,94.465,-41.8,4.864,5228.1,yes
32,bluecollar,married,basic.6y,unknown,yes,no,cellular,may,wed,459,1,999,0,nonexistent,-1.8,92.893,-46.2,1.281,5099.1,no
49,bluecollar,married,basic.6y,unknown,no,yes,cellular,may,tue,354,1,999,0,nonexistent,-1.8,92.893,-46.2,1.291,5099.1,yes
39,technician,married,high.school,no,no,no,cellular,aug,mon,225,2,999,0,nonexistent,1.4,93.444,-36.1,4.965,5228.1,no
38,bluecollar,married,basic.9y,no,unknown,unknown,telephone,jun,fri,144,4,999,0,nonexistent,1.4,94.465,-41.8,4.967,5228.1,yes
52,retired,divorced,professional.course,no,no,no,cellular,jul,tue,867,2,999,0,nonexistent,1.4,93.918,-42.7,4.961,5228.1,no
57,self-employed,married,university.degree,no,no,yes,cellular,jul,thu,1441,2,999,0,nonexistent,1.4,93.918,-42.7,4.962,5228.1,yes
38,housemaid,married,university.degree,no,no,no,telephone,jun,mon,100,5,999,0,nonexistent,1.4,94.465,-41.8,4.961,5228.1,no
31,admin,married,high.school,no,no,no,cellular,may,thu,172,2,999,1,failure,-1.8,92.893,-46.2,1.266,5099.1,yes
57,bluecollar,married,basic.4y,unknown,no,no,cellular,jul,fri,42,3,999,0,nonexistent,1.4,93.918,-42.7,4.962,5228.1,no
42,self-employed,married,professional.course,unknown,unknown,unknown,cellular,may,fri,665,1,999,0,nonexistent,-1.8,92.893,-46.2,1.25,5099.1,yes
32,admin,married,high.school,no,yes,no,cellular,jul,wed,154,1,999,0,nonexistent,1.4,93.918,-42.7,4.963,5228.1,no
31,bluecollar,married,basic.9y,no,yes,no,telephone,may,tue,97,2,999,0,nonexistent,1.1,93.994,-36.4,4.856,5191,yes
32,entrepreneur,married,high.school,no,yes,no,cellular,nov,thu,356,1,999,0,nonexistent,-0.1,93.2,-42,4.076,5195.8,no
40,management,married,unknown,no,yes,no,telephone,jun,fri,170,1,999,0,nonexistent,1.4,94.465,-41.8,4.959,5228.1,yes
58,bluecollar,married,basic.4y,unknown,yes,no,telephone,jun,fri,570,2,999,0,nonexistent,1.4,94.465,-41.8,4.959,5228.1,no
44,admin,married,university.degree,no,yes,no,telephone,jun,thu,351,1,999,0,nonexistent,1.4,94.465,-41.8,4.958,5228.1,yes
46,entrepreneur,married,unknown,unknown,yes,no,telephone,jun,fri,86,1,999,0,nonexistent,1.4,94.465,-41.8,4.967,5228.1,no
47,admin,married,basic.6y,unknown,yes,no,cellular,apr,thu,399,2,999,1,failure,-1.8,93.075,-47.1,1.41,5099.1,yes
44,management,married,basic.6y,no,yes,yes,cellular,mar,thu,218,1,999,0,nonexistent,-1.8,92.843,-50,1.757,5099.1,no
39,admin,married,high.school,no,no,no,cellular,nov,wed,138,1,999,0,nonexistent,-0.1,93.2,-42,4.12,5195.8,yes
38,technician,married,professional.course,no,yes,yes,cellular,mar,thu,63,2,999,0,nonexistent,-1.8,92.843,-50,1.757,5099.1,no
59,bluecollar,married,basic.4y,unknown,no,no,telephone,may,mon,293,1,999,0,nonexistent,1.1,93.994,-36.4,4.857,5191,yes
49,management,divorced,university.degree,no,yes,yes,cellular,aug,tue,138,1,999,0,nonexistent,-2.9,92.201,-31.4,0.883,5076.2,no
51,admin,married,university.degree,no,no,no,telephone,jun,mon,295,3,999,0,nonexistent,-2.9,92.963,-40.8,1.215,5076.2,yes
55,unemployed,married,university.degree,no,yes,no,cellular,nov,thu,303,2,999,0,nonexistent,-0.1,93.2,-42,4.076,5195.8,no
49,technician,divorced,high.school,no,yes,no,cellular,jul,thu,1171,1,999,0,nonexistent,1.4,93.918,-42.7,4.958,5228.1,yes
44,admin,married,basic.4y,unknown,yes,no,cellular,aug,tue,222,1,999,0,nonexistent,1.4,93.444,-36.1,4.968,5228.1,no
29,bluecollar,single,high.school,no,yes,yes,cellular,may,wed,146,1,999,0,nonexistent,-1.8,92.893,-46.2,1.281,5099.1,yes
49,bluecollar,married,unknown,no,no,no,telephone,may,tue,286,1,999,0,nonexistent,1.1,93.994,-36.4,4.857,5191,no
49,technician,married,professional.course,no,no,no,telephone,jun,thu,77,1,999,0,nonexistent,1.4,94.465,-41.8,4.961,5228.1,yes
45,admin,divorced,basic.9y,unknown,no,no,cellular,may,thu,270,3,999,0,nonexistent,-1.8,92.893,-46.2,1.327,5099.1,no
39,bluecollar,married,basic.9y,no,no,no,telephone,nov,thu,281,2,999,1,failure,-0.1,93.2,-42,4.076,5195.8,yes
35,bluecollar,married,basic.9y,unknown,no,no,telephone,may,wed,91,2,999,0,nonexistent,1.1,93.994,-36.4,4.858,5191,no
55,entrepreneur,single,unknown,unknown,no,no,telephone,jul,wed,542,1,999,0,nonexistent,1.4,93.918,-42.7,4.963,5228.1,yes
30,services,single,high.school,no,no,no,cellular,may,mon,111,2,999,0,nonexistent,-1.8,92.893,-46.2,1.244,5099.1,no
26,management,single,university.degree,unknown,yes,no,cellular,jul,wed,124,1,999,0,nonexistent,1.4,93.918,-42.7,4.962,5228.1,yes
37,technician,single,professional.course,no,yes,no,cellular,nov,fri,347,1,999,1,failure,-0.1,93.2,-42,4.021,5195.8,no
29,self-employed,married,basic.6y,unknown,yes,no,telephone,may,tue,32,1,999,0,nonexistent,1.1,93.994,-36.4,4.857,5191,yes
54,bluecollar,married,basic.4y,no,no,no,cellular,may,mon,50,1,999,0,nonexistent,-1.8,92.893,-46.2,1.299,5099.1,no
35,technician,married,university.degree,no,no,no,cellular,aug,fri,224,3,999,0,nonexistent,-2.9,92.201,-31.4,0.869,5076.2,yes
41,technician,single,professional.course,no,yes,no,cellular,may,tue,175,2,999,1,failure,-1.8,92.893,-46.2,1.291,5099.1,no
31,technician,married,professional.course,no,no,no,telephone,may,fri,258,2,999,0,nonexistent,1.1,93.994,-36.4,4.855,5191,yes
30,admin,married,university.degree,no,no,no,cellular,aug,mon,514,7,999,0,nonexistent,1.4,93.444,-36.1,4.963,5228.1,no
43,technician,married,professional.course,no,yes,no,cellular,nov,tue,166,3,999,1,failure,-0.1,93.2,-42,4.153,5195.8,yes
31,bluecollar,married,professional.course,no,no,no,telephone,jun,tue,70,8,999,0,nonexistent,1.4,94.465,-41.8,4.961,5228.1,no
33,admin,single,university.degree,no,yes,no,telephone,oct,thu,166,3,6,2,success,-3.4,92.431,-26.9,0.74,5017.5,yes
30,management,divorced,university.degree,no,no,yes,telephone,may,fri,164,4,999,0,nonexistent,1.1,93.994,-36.4,4.857,5191,no
47,admin,single,university.degree,no,no,no,cellular,aug,thu,429,1,999,0,nonexistent,1.4,93.444,-36.1,4.963,5228.1,yes
32,services,married,professional.course,no,yes,no,cellular,may,tue,146,3,999,1,failure,-1.8,92.893,-46.2,1.291,5099.1,no
49,management,married,university.degree,unknown,yes,no,telephone,jul,mon,182,12,999,0,nonexistent,1.4,93.918,-42.7,4.962,5228.1,yes
41,technician,married,high.school,no,yes,no,telephone,jun,fri,145,24,999,0,nonexistent,1.4,94.465,-41.8,4.959,5228.1,no
60,bluecollar,married,professional.course,no,no,no,telephone,may,tue,59,3,999,0,nonexistent,1.1,93.994,-36.4,4.857,5191,yes
42,services,married,high.school,no,yes,no,cellular,apr,mon,274,1,999,0,nonexistent,-1.8,93.075,-47.1,1.405,5099.1,no
39,services,married,high.school,no,yes,no,cellular,may,thu,328,2,6,3,success,-1.8,93.876,-40,0.683,5008.7,yes
52,admin,married,unknown,no,no,no,cellular,aug,thu,331,1,999,0,nonexistent,1.4,93.444,-36.1,4.963,5228.1,no
29,bluecollar,married,basic.6y,no,yes,no,cellular,may,thu,108,4,999,0,nonexistent,-1.8,92.893,-46.2,1.266,5099.1,yes
40,bluecollar,single,professional.course,no,yes,no,cellular,jul,thu,498,1,999,0,nonexistent,1.4,93.918,-42.7,4.962,5228.1,no
30,services,married,high.school,no,no,no,telephone,may,fri,147,2,999,0,nonexistent,1.1,93.994,-36.4,4.864,5191,yes
38,admin,married,high.school,no,no,no,cellular,may,wed,275,1,999,0,nonexistent,-1.8,92.893,-46.2,1.334,5099.1,no
37,admin,married,high.school,no,no,no,telephone,may,tue,316,2,999,0,nonexistent,1.1,93.994,-36.4,4.857,5191,yes
60,bluecollar,divorced,basic.4y,unknown,no,no,cellular,jul,wed,105,3,999,0,nonexistent,1.4,93.918,-42.7,4.963,5228.1,no
26,bluecollar,single,basic.9y,no,yes,no,cellular,jul,mon,200,2,999,0,nonexistent,1.4,93.918,-42.7,4.96,5228.1,yes
37,management,married,university.degree,no,no,no,telephone,jun,thu,288,1,999,0,nonexistent,1.4,94.465,-41.8,4.961,5228.1,no
56,services,married,high.school,unknown,no,yes,telephone,may,fri,90,3,999,0,nonexistent,1.1,93.994,-36.4,4.857,5191,yes
44,technician,married,high.school,no,yes,yes,cellular,aug,fri,390,2,999,0,nonexistent,1.4,93.444,-36.1,4.966,5228.1,no
46,admin,married,high.school,no,no,no,cellular,may,fri,318,2,999,1,failure,-1.8,92.893,-46.2,1.313,5099.1,yes
59,admin,married,university.degree,no,no,no,telephone,oct,tue,85,1,999,0,nonexistent,-0.1,93.798,-40.4,4.968,5195.8,no
52,services,married,high.school,no,yes,no,cellular,aug,tue,607,5,999,0,nonexistent,1.4,93.444,-36.1,4.963,5228.1,yes
40,technician,divorced,professional.course,no,no,no,cellular,aug,tue,279,4,999,0,nonexistent,1.4,93.444,-36.1,4.965,5228.1,no
44,services,married,high.school,no,yes,no,telephone,jun,fri,40,3,999,0,nonexistent,1.4,94.465,-41.8,4.959,5228.1,yes
35,management,married,university.degree,no,yes,no,cellular,nov,mon,121,1,999,0,nonexistent,-0.1,93.2,-42,4.191,5195.8,no
33,technician,married,professional.course,no,no,no,cellular,aug,fri,335,3,999,0,nonexistent,1.4,93.444,-36.1,4.966,5228.1,yes
38,bluecollar,married,basic.4y,no,yes,no,cellular,may,thu,130,2,999,0,nonexistent,-1.8,92.893,-46.2,1.266,5099.1,no
53,entrepreneur,married,basic.4y,no,yes,yes,cellular,apr,tue,398,2,999,0,nonexistent,-1.8,93.749,-34.6,0.644,5008.7,yes
56,unemployed,divorced,high.school,no,yes,no,telephone,may,wed,267,1,999,0,nonexistent,1.1,93.994,-36.4,4.859,5191,no
48,bluecollar,married,high.school,no,yes,no,cellular,aug,wed,128,6,999,0,nonexistent,1.4,93.444,-36.1,4.964,5228.1,yes
45,admin,divorced,high.school,no,yes,no,cellular,jul,fri,800,2,999,0,nonexistent,1.4,93.918,-42.7,4.962,5228.1,no
56,admin,married,university.degree,unknown,no,no,telephone,may,fri,213,4,999,0,nonexistent,1.1,93.994,-36.4,4.857,5191,yes
48,management,married,university.degree,no,yes,no,cellular,oct,wed,294,1,999,1,failure,-3.4,92.431,-26.9,0.74,5017.5,no
62,admin,married,high.school,no,no,no,telephone,mar,mon,163,2,999,0,nonexistent,-1.8,92.843,-50,1.52,5099.1,yes
24,services,single,high.school,no,no,no,cellular,jul,thu,1150,3,999,0,nonexistent,1.4,93.918,-42.7,4.958,5228.1,no
33,admin,single,high.school,no,no,no,cellular,oct,mon,87,1,999,0,nonexistent,-3.4,92.431,-26.9,0.731,5017.5,yes
49,technician,divorced,professional.course,no,yes,no,cellular,mar,tue,361,2,999,1,failure,-1.8,93.369,-34.8,0.635,5008.7,no
54,housemaid,married,professional.course,no,no,no,telephone,oct,mon,187,2,999,0,nonexistent,-3.4,92.431,-26.9,0.739,5017.5,yes
57,technician,divorced,university.degree,no,no,yes,telephone,jun,tue,187,1,999,0,nonexistent,1.4,94.465,-41.8,4.961,5228.1,no
31,admin,single,high.school,no,no,no,cellular,nov,fri,89,1,999,0,nonexistent,-0.1,93.2,-42,4.021,5195.8,yes
51,admin,married,university.degree,no,yes,no,cellular,jul,thu,147,1,999,0,nonexistent,1.4,93.918,-42.7,4.963,5228.1,no
35,admin,single,basic.4y,unknown,no,no,telephone,may,mon,95,3,999,0,nonexistent,1.1,93.994,-36.4,4.857,5191,yes
50,technician,single,university.degree,no,yes,no,telephone,apr,fri,634,1,999,0,nonexistent,-1.8,93.749,-34.6,0.644,5008.7,no
30,admin,single,university.degree,no,yes,no,cellular,aug,fri,83,1,999,2,failure,-2.9,92.201,-31.4,0.881,5076.2,yes
30,bluecollar,married,basic.9y,no,yes,no,cellular,jul,mon,245,2,999,0,nonexistent,1.4,93.918,-42.7,4.962,5228.1,no
32,bluecollar,married,basic.6y,unknown,no,no,telephone,may,wed,630,3,999,1,failure,-1.8,92.893,-46.2,1.281,5099.1,yes
45,bluecollar,single,high.school,unknown,yes,no,cellular,may,mon,8,7,999,0,nonexistent,-1.8,92.893,-46.2,1.244,5099.1,no
46,admin,divorced,high.school,no,yes,no,cellular,jun,mon,372,1,999,0,nonexistent,-2.9,92.963,-40.8,1.26,5076.2,yes
48,bluecollar,married,basic.4y,no,no,no,telephone,jun,mon,984,4,999,0,nonexistent,1.4,94.465,-41.8,4.865,5228.1,no
31,entrepreneur,single,university.degree,no,no,no,cellular,nov,thu,1855,3,999,0,nonexistent,-0.1,93.2,-42,4.076,5195.8,yes
40,technician,married,university.degree,no,yes,yes,cellular,may,fri,133,2,999,0,nonexistent,-1.8,92.893,-46.2,1.25,5099.1,no
56,bluecollar,unknown,basic.4y,no,no,no,cellular,apr,fri,422,1,999,0,nonexistent,-1.8,93.075,-47.1,1.405,5099.1,yes
42,technician,married,professional.course,no,no,no,cellular,may,mon,377,1,999,0,nonexistent,-1.8,92.893,-46.2,1.264,5099.1,no
57,admin,divorced,university.degree,no,no,no,telephone,nov,wed,5,1,999,0,nonexistent,-0.1,93.2,-42,4.663,5195.8,yes
47,technician,married,professional.course,unknown,no,no,telephone,may,fri,261,6,999,0,nonexistent,1.1,93.994,-36.4,4.859,5191,no
36,technician,married,university.degree,no,yes,yes,cellular,may,mon,101,1,999,0,nonexistent,-1.8,92.893,-46.2,1.264,5099.1,yes
53,services,married,high.school,no,no,no,telephone,may,wed,429,1,999,0,nonexistent,1.1,93.994,-36.4,4.859,5191,no
58,self-employed,married,basic.9y,no,no,no,cellular,aug,tue,83,2,999,0,nonexistent,1.4,93.444,-36.1,4.965,5228.1,yes
36,bluecollar,married,basic.9y,no,unknown,unknown,cellular,nov,tue,95,1,999,0,nonexistent,-0.1,93.2,-42,4.153,5195.8,no
35,admin,single,university.degree,no,yes,no,cellular,may,thu,143,1,999,1,failure,-1.8,92.893,-46.2,1.266,5099.1,yes
34,bluecollar,married,basic.9y,unknown,yes,no,telephone,jun,thu,266,4,999,0,nonexistent,1.4,94.465,-41.8,4.961,5228.1,no
41,admin,married,basic.6y,no,no,no,cellular,apr,fri,1203,2,999,1,failure,-1.8,93.075,-47.1,1.479,5099.1,yes
30,unknown,married,professional.course,no,no,no,cellular,may,mon,399,1,999,0,nonexistent,-1.8,92.893,-46.2,1.354,5099.1,no
30,technician,single,professional.course,no,yes,no,cellular,aug,wed,129,3,999,0,nonexistent,1.4,93.444,-36.1,4.964,5228.1,yes
37,services,single,high.school,no,yes,no,telephone,may,tue,227,9,999,0,nonexistent,1.1,93.994,-36.4,4.856,5191,no
53,services,married,basic.9y,no,yes,no,telephone,jul,tue,723,2,999,0,nonexistent,1.4,93.918,-42.7,4.955,5228.1,yes
34,services,unknown,high.school,no,yes,yes,cellular,may,tue,369,2,999,1,failure,-1.8,92.893,-46.2,1.344,5099.1,no
28,admin,single,university.degree,no,yes,no,cellular,may,fri,119,4,999,1,failure,-1.8,92.893,-46.2,1.25,5099.1,yes
29,entrepreneur,single,university.degree,no,no,no,telephone,jun,wed,347,1,999,0,nonexistent,1.4,94.465,-41.8,4.958,5228.1,no
44,admin,married,university.degree,no,yes,no,cellular,nov,fri,358,4,999,0,nonexistent,-0.1,93.2,-42,4.021,5195.8,yes
56,retired,married,high.school,no,yes,yes,cellular,jul,fri,308,2,999,0,nonexistent,-2.9,92.469,-33.6,1.059,5076.2,no
31,services,single,high.school,no,no,no,cellular,jul,thu,16,35,999,0,nonexistent,1.4,93.918,-42.7,4.968,5228.1,yes
40,bluecollar,single,basic.9y,no,yes,no,telephone,jun,mon,128,3,999,0,nonexistent,1.4,94.465,-41.8,4.865,5228.1,no
47,bluecollar,married,high.school,no,yes,yes,telephone,may,fri,72,6,6,1,success,-1.8,92.893,-46.2,1.313,5099.1,yes
37,management,single,university.degree,no,no,no,cellular,may,tue,107,1,999,1,failure,-1.8,92.893,-46.2,1.344,5099.1,no
57,retired,married,university.degree,no,yes,no,telephone,may,tue,768,1,999,0,nonexistent,1.1,93.994,-36.4,4.856,5191,yes
37,bluecollar,single,professional.course,no,no,no,cellular,aug,wed,94,3,999,0,nonexistent,1.4,93.444,-36.1,4.964,5228.1,no
52,self-employed,single,basic.4y,unknown,yes,no,telephone,may,thu,61,1,999,0,nonexistent,1.1,93.994,-36.4,4.86,5191,yes
34,admin,single,university.degree,no,no,yes,cellular,aug,fri,78,3,999,0,nonexistent,1.4,93.444,-36.1,4.964,5228.1,no
43,services,married,high.school,no,no,yes,telephone,may,tue,262,1,999,0,nonexistent,1.1,93.994,-36.4,4.857,5191,yes
34,bluecollar,single,unknown,no,no,no,cellular,mar,fri,98,2,999,0,nonexistent,-1.8,93.369,-34.8,0.636,5008.7,no
49,admin,married,university.degree,no,no,no,cellular,nov,tue,163,1,999,1,failure,-0.1,93.2,-42,4.153,5195.8,yes
25,admin,single,high.school,no,yes,no,telephone,jun,wed,54,3,999,0,nonexistent,1.4,94.465,-41.8,4.962,5228.1,no
38,services,married,high.school,no,no,yes,cellular,jul,thu,74,1,999,0,nonexistent,1.4,93.918,-42.7,4.968,5228.1,yes
40,unemployed,divorced,high.school,no,no,yes,telephone,jun,thu,257,1,999,0,nonexistent,1.4,94.465,-41.8,4.866,5228.1,no
31,technician,single,university.degree,no,no,no,cellular,nov,tue,259,1,999,1,failure,-0.1,93.2,-42,4.153,5195.8,yes
29,technician,married,professional.course,no,no,no,telephone,may,tue,64,1,999,0,nonexistent,1.1,93.994,-36.4,4.857,5191,no
57,admin,married,university.degree,no,yes,no,cellular,jul,thu,73,10,999,0,nonexistent,1.4,93.918,-42.7,4.962,5228.1,yes
38,management,married,university.degree,no,no,no,cellular,may,fri,525,1,999,0,nonexistent,-1.8,92.893,-46.2,1.313,5099.1,no
48,admin,single,university.degree,no,yes,no,cellular,nov,wed,210,2,999,0,nonexistent,-0.1,93.2,-42,4.12,5195.8,yes
32,admin,single,university.degree,no,no,no,cellular,aug,wed,823,1,999,0,nonexistent,1.4,93.444,-36.1,4.965,5228.1,no
30,self-employed,married,university.degree,no,yes,no,telephone,sep,mon,103,2,999,0,nonexistent,-3.4,92.379,-29.8,0.771,5017.5,yes
52,retired,divorced,basic.4y,unknown,yes,yes,telephone,jun,thu,26,2,999,0,nonexistent,1.4,94.465,-41.8,4.961,5228.1,no
34,services,divorced,high.school,no,no,no,cellular,may,fri,66,1,999,0,nonexistent,-1.8,92.893,-46.2,1.25,5099.1,yes
60,bluecollar,married,basic.4y,no,yes,no,cellular,nov,tue,347,2,4,1,success,-1.1,94.767,-50.8,1.035,4963.6,no
37,technician,married,professional.course,no,no,no,telephone,jun,thu,96,1,999,0,nonexistent,1.4,94.465,-41.8,4.961,5228.1,yes
47,technician,divorced,high.school,no,yes,no,cellular,aug,wed,56,5,999,0,nonexistent,1.4,93.444,-36.1,4.964,5228.1,no
57,admin,married,unknown,no,yes,no,cellular,dec,wed,391,2,999,0,nonexistent,-3,92.713,-33,0.706,5023.5,yes
28,admin,married,university.degree,no,yes,no,cellular,aug,mon,226,3,999,1,failure,-1.7,94.027,-38.3,0.898,4991.6,no
61,admin,married,university.degree,unknown,yes,no,cellular,jun,wed,1076,2,999,0,nonexistent,-2.9,92.963,-40.8,1.26,5076.2,yes
33,admin,married,university.degree,no,yes,no,cellular,may,tue,165,1,999,1,failure,-1.8,92.893,-46.2,1.266,5099.1,no
36,technician,married,professional.course,no,no,no,telephone,jun,wed,183,9,999,0,nonexistent,1.4,94.465,-41.8,4.959,5228.1,yes
53,services,married,basic.9y,unknown,yes,no,telephone,jun,fri,9,4,999,0,nonexistent,1.4,94.465,-41.8,4.959,5228.1,no
36,bluecollar,married,unknown,no,no,no,telephone,may,wed,837,2,999,0,nonexistent,1.1,93.994,-36.4,4.859,5191,yes
31,self-employed,married,university.degree,no,yes,yes,telephone,jun,mon,464,1,999,0,nonexistent,1.4,94.465,-41.8,4.865,5228.1,no
44,management,divorced,basic.9y,unknown,yes,no,telephone,jun,mon,73,2,999,0,nonexistent,1.4,94.465,-41.8,4.96,5228.1,yes
37,bluecollar,married,basic.9y,no,yes,no,cellular,may,thu,271,1,999,0,nonexistent,-1.8,92.893,-46.2,1.327,5099.1,no
32,technician,single,university.degree,no,yes,yes,cellular,aug,wed,93,2,999,0,nonexistent,1.4,93.444,-36.1,4.965,5228.1,yes
44,bluecollar,married,high.school,unknown,yes,no,telephone,may,mon,73,3,999,0,nonexistent,1.1,93.994,-36.4,4.857,5191,no
29,management,single,university.degree,no,yes,no,cellular,may,fri,468,2,999,1,failure,-1.8,92.893,-46.2,1.313,5099.1,yes
37,management,divorced,unknown,no,no,yes,cellular,nov,mon,74,1,999,1,failure,-0.1,93.2,-42,4.191,5195.8,no
48,retired,married,basic.4y,unknown,no,yes,cellular,jul,mon,780,2,999,0,nonexistent,1.4,93.918,-42.7,4.962,5228.1,yes
33,services,single,university.degree,no,yes,no,cellular,oct,mon,252,2,3,2,success,-1.1,94.601,-49.5,0.977,4963.6,no
38,bluecollar,married,basic.6y,unknown,yes,no,telephone,jun,tue,258,1,999,0,nonexistent,1.4,94.465,-41.8,4.864,5228.1,yes
41,bluecollar,married,basic.4y,unknown,no,no,cellular,apr,mon,197,3,999,0,nonexistent,-1.8,93.075,-47.1,1.405,5099.1,no
57,housemaid,married,basic.4y,no,yes,no,telephone,jul,thu,381,3,999,0,nonexistent,1.4,93.918,-42.7,4.966,5228.1,yes
35,bluecollar,married,basic.9y,no,no,no,telephone,jun,fri,15,3,999,0,nonexistent,1.4,94.465,-41.8,4.959,5228.1,no
34,bluecollar,married,basic.9y,no,yes,no,cellular,apr,fri,210,1,999,0,nonexistent,-1.8,93.075,-47.1,1.405,5099.1,yes
50,entrepreneur,married,basic.9y,no,yes,no,telephone,jun,fri,82,2,999,0,nonexistent,1.4,94.465,-41.8,4.967,5228.1,no
49,management,married,university.degree,no,no,no,cellular,apr,thu,289,1,999,1,failure,-1.8,93.075,-47.1,1.41,5099.1,yes
28,bluecollar,married,basic.9y,no,no,no,cellular,may,wed,549,1,999,0,nonexistent,-1.8,92.893,-46.2,1.334,5099.1,no
53,admin,single,unknown,unknown,no,no,cellular,jul,tue,183,1,999,0,nonexistent,1.4,93.918,-42.7,4.961,5228.1,yes
52,admin,married,professional.course,no,yes,yes,cellular,jul,tue,139,2,6,1,success,-1.7,94.215,-40.3,0.893,4991.6,no
35,admin,single,professional.course,unknown,yes,no,telephone,may,tue,352,4,999,0,nonexistent,1.1,93.994,-36.4,4.857,5191,yes
65,technician,married,professional.course,no,no,no,cellular,sep,thu,263,1,999,0,nonexistent,-1.1,94.199,-37.5,0.879,4963.6,no
26,bluecollar,married,basic.9y,no,yes,no,cellular,apr,thu,77,3,999,0,nonexistent,-1.8,93.075,-47.1,1.41,5099.1,yes
56,bluecollar,divorced,basic.9y,no,yes,yes,cellular,jul,mon,123,3,999,0,nonexistent,1.4,93.918,-42.7,4.962,5228.1,no
39,housemaid,married,basic.9y,no,yes,no,cellular,nov,fri,150,4,999,0,nonexistent,-0.1,93.2,-42,4.021,5195.8,yes
23,admin,single,high.school,no,yes,no,cellular,jul,mon,34,3,999,0,nonexistent,1.4,93.918,-42.7,4.96,5228.1,no
32,admin,single,university.degree,no,no,no,cellular,aug,thu,159,2,999,0,nonexistent,1.4,93.444,-36.1,4.968,5228.1,yes
35,admin,single,university.degree,no,yes,no,cellular,aug,thu,789,1,999,0,nonexistent,-2.9,92.201,-31.4,0.883,5076.2,no
50,management,married,university.degree,no,no,no,cellular,jul,thu,650,1,999,0,nonexistent,1.4,93.918,-42.7,4.962,5228.1,yes
52,management,married,professional.course,no,unknown,unknown,telephone,may,fri,135,2,999,0,nonexistent,1.1,93.994,-36.4,4.855,5191,no
58,retired,divorced,university.degree,no,yes,no,telephone,may,mon,83,4,999,0,nonexistent,1.1,93.994,-36.4,4.858,5191,yes
37,bluecollar,divorced,professional.course,no,yes,no,cellular,nov,thu,75,1,999,0,nonexistent,-0.1,93.2,-42,4.076,5195.8,no
34,admin,single,university.degree,no,no,no,cellular,nov,thu,169,1,7,2,success,-3.4,92.649,-30.1,0.714,5017.5,yes
54,technician,married,professional.course,no,yes,no,telephone,may,wed,150,3,999,0,nonexistent,1.1,93.994,-36.4,4.858,5191,no
60,admin,married,university.degree,no,no,no,cellular,aug,mon,133,1,999,0,nonexistent,-2.9,92.201,-31.4,0.861,5076.2,yes
30,bluecollar,married,basic.9y,no,yes,no,cellular,jul,wed,219,1,999,0,nonexistent,1.4,93.918,-42.7,4.962,5228.1,no
34,bluecollar,married,basic.9y,no,no,no,cellular,apr,thu,234,1,999,1,failure,-1.8,93.075,-47.1,1.41,5099.1,yes
30,bluecollar,married,high.school,no,yes,no,telephone,jun,mon,32,3,999,0,nonexistent,1.4,94.465,-41.8,4.96,5228.1,no
43,bluecollar,married,basic.9y,unknown,yes,no,telephone,may,fri,226,2,999,0,nonexistent,1.1,93.994,-36.4,4.864,5191,yes
37,bluecollar,married,basic.4y,no,yes,no,cellular,may,wed,164,3,999,0,nonexistent,-1.8,92.893,-46.2,1.334,5099.1,no
34,technician,married,high.school,no,no,no,cellular,may,mon,347,1,999,1,failure,-1.8,92.893,-46.2,1.299,5099.1,yes
30,admin,married,high.school,no,unknown,unknown,cellular,nov,mon,104,1,999,1,failure,-3.4,92.649,-30.1,0.714,5017.5,no
31,technician,married,basic.6y,no,yes,no,telephone,nov,thu,51,8,999,1,failure,-0.1,93.2,-42,4.076,5195.8,yes
41,services,married,high.school,no,yes,no,cellular,may,wed,314,2,999,0,nonexistent,-1.8,92.893,-46.2,1.281,5099.1,no
48,admin,married,university.degree,no,no,no,cellular,nov,thu,298,2,999,0,nonexistent,-0.1,93.2,-42,4.076,5195.8,yes
21,student,single,high.school,no,no,no,cellular,oct,mon,328,1,999,0,nonexistent,-3.4,92.431,-26.9,0.739,5017.5,no
42,admin,married,unknown,no,no,no,telephone,may,tue,221,1,999,0,nonexistent,1.1,93.994,-36.4,4.857,5191,yes
38,bluecollar,married,basic.6y,no,yes,no,telephone,jul,wed,226,1,999,0,nonexistent,1.4,93.918,-42.7,4.963,5228.1,no
42,self-employed,married,university.degree,no,yes,no,telephone,may,mon,1002,5,999,0,nonexistent,1.1,93.994,-36.4,4.857,5191,yes
40,technician,married,professional.course,unknown,yes,no,telephone,may,thu,105,1,999,0,nonexistent,1.1,93.994,-36.4,4.86,5191,no
33,admin,married,university.degree,no,no,no,telephone,jun,tue,286,2,999,0,nonexistent,-1.7,94.055,-39.8,0.761,4991.6,yes
37,admin,divorced,university.degree,unknown,yes,no,cellular,may,mon,230,1,999,0,nonexistent,-1.8,92.893,-46.2,1.244,5099.1,no
37,bluecollar,married,high.school,unknown,no,no,telephone,may,tue,26,14,999,0,nonexistent,1.1,93.994,-36.4,4.856,5191,yes
38,bluecollar,single,high.school,no,no,no,cellular,mar,wed,141,1,999,1,failure,-1.8,93.369,-34.8,0.655,5008.7,no
52,management,divorced,university.degree,no,no,no,cellular,nov,mon,578,1,999,0,nonexistent,-0.1,93.2,-42,4.191,5195.8,yes
44,technician,single,professional.course,no,yes,no,cellular,aug,fri,95,3,999,0,nonexistent,1.4,93.444,-36.1,4.963,5228.1,no
38,technician,single,high.school,no,no,no,telephone,may,wed,152,1,999,0,nonexistent,1.1,93.994,-36.4,4.857,5191,yes
24,services,single,high.school,no,yes,no,telephone,jun,wed,453,1,999,0,nonexistent,1.4,94.465,-41.8,4.962,5228.1,no
32,technician,single,professional.course,no,yes,yes,cellular,jul,thu,234,1,999,0,nonexistent,1.4,93.918,-42.7,4.968,5228.1,yes
32,services,married,high.school,no,no,no,telephone,may,tue,162,1,999,0,nonexistent,1.1,93.994,-36.4,4.857,5191,no
44,services,married,unknown,no,no,yes,cellular,jun,mon,151,1,999,0,nonexistent,-2.9,92.963,-40.8,1.26,5076.2,yes
39,services,single,university.degree,unknown,yes,no,cellular,nov,thu,43,3,999,0,nonexistent,-0.1,93.2,-42,4.076,5195.8,no
57,bluecollar,married,basic.4y,unknown,yes,no,cellular,jul,fri,153,1,999,0,nonexistent,1.4,93.918,-42.7,4.962,5228.1,yes
50,admin,married,university.degree,no,yes,no,cellular,apr,fri,160,1,999,0,nonexistent,-1.8,93.075,-47.1,1.4,5099.1,no
50,services,married,basic.4y,unknown,yes,no,telephone,may,wed,507,1,999,0,nonexistent,1.1,93.994,-36.4,4.857,5191,yes
36,management,married,university.degree,unknown,yes,yes,cellular,aug,fri,508,4,999,0,nonexistent,1.4,93.444,-36.1,4.964,5228.1,no
40,services,divorced,high.school,no,no,no,telephone,jun,fri,155,2,999,0,nonexistent,1.4,94.465,-41.8,4.959,5228.1,yes
47,bluecollar,married,basic.6y,no,yes,yes,telephone,may,thu,93,1,999,0,nonexistent,1.1,93.994,-36.4,4.855,5191,no
36,student,single,unknown,unknown,yes,no,cellular,may,mon,567,2,999,0,nonexistent,-1.8,92.893,-46.2,1.244,5099.1,yes
33,admin,single,high.school,no,yes,no,cellular,aug,tue,167,1,999,0,nonexistent,1.4,93.444,-36.1,4.963,5228.1,no
27,admin,single,high.school,no,yes,no,cellular,jul,mon,112,1,999,0,nonexistent,1.4,93.918,-42.7,4.96,5228.1,yes
60,retired,married,university.degree,unknown,no,no,cellular,aug,mon,430,2,999,0,nonexistent,1.4,93.444,-36.1,4.97,5228.1,no
37,entrepreneur,married,university.degree,unknown,yes,no,telephone,nov,mon,215,1,999,0,nonexistent,-0.1,93.2,-42,4.191,5195.8,yes
35,management,married,high.school,no,yes,no,telephone,nov,tue,159,1,999,0,nonexistent,-0.1,93.2,-42,4.153,5195.8,no
49,admin,married,basic.4y,no,yes,no,cellular,may,wed,43,3,999,0,nonexistent,-1.8,92.893,-46.2,1.281,5099.1,yes
40,admin,divorced,university.degree,no,no,no,telephone,jul,wed,192,5,999,0,nonexistent,1.4,93.918,-42.7,4.963,5228.1,no
43,bluecollar,married,basic.9y,unknown,yes,no,cellular,may,tue,545,1,999,0,nonexistent,-1.8,92.893,-46.2,1.344,5099.1,yes
47,admin,married,university.degree,no,no,no,cellular,aug,wed,470,1,4,2,success,-1.7,94.027,-38.3,0.9,4991.6,no
33,management,married,university.degree,no,no,no,cellular,aug,mon,191,3,999,0,nonexistent,1.4,93.444,-36.1,4.965,5228.1,yes
40,admin,single,high.school,no,no,no,telephone,jun,fri,97,1,999,0,nonexistent,1.4,94.465,-41.8,4.967,5228.1,no
58,bluecollar,married,basic.4y,unknown,yes,no,cellular,jul,mon,86,2,999,0,nonexistent,1.4,93.918,-42.7,4.96,5228.1,yes
46,technician,divorced,professional.course,no,yes,no,cellular,jul,tue,387,5,999,0,nonexistent,1.4,93.918,-42.7,4.961,5228.1,no
38,bluecollar,married,basic.6y,no,yes,no,telephone,may,mon,221,2,999,0,nonexistent,1.1,93.994,-36.4,4.858,5191,yes
47,services,divorced,high.school,no,no,no,telephone,may,wed,421,1,999,0,nonexistent,1.1,93.994,-36.4,4.856,5191,no
59,admin,married,professional.course,no,yes,yes,cellular,aug,fri,1241,1,999,0,nonexistent,1.4,93.444,-36.1,4.964,5228.1,yes
35,services,married,basic.9y,no,no,yes,telephone,jun,thu,98,1,999,0,nonexistent,1.4,94.465,-41.8,4.958,5228.1,no
29,admin,single,university.degree,no,yes,no,cellular,aug,tue,112,5,999,0,nonexistent,1.4,93.444,-36.1,4.963,5228.1,yes
50,management,married,professional.course,no,yes,no,cellular,nov,fri,381,1,999,1,failure,-0.1,93.2,-42,4.021,5195.8,no
39,management,divorced,university.degree,no,yes,no,cellular,nov,thu,10,6,999,1,failure,-0.1,93.2,-42,4.076,5195.8,yes
32,admin,single,professional.course,no,no,yes,cellular,may,fri,6,4,999,0,nonexistent,-1.8,92.893,-46.2,1.25,5099.1,no
31,technician,married,university.degree,no,no,yes,telephone,may,wed,125,2,999,0,nonexistent,1.1,93.994,-36.4,4.857,5191,yes
24,services,married,high.school,no,yes,no,telephone,jun,mon,298,6,999,0,nonexistent,1.4,94.465,-41.8,4.96,5228.1,no
41,services,married,high.school,unknown,yes,yes,telephone,jun,tue,31,1,999,0,nonexistent,1.4,94.465,-41.8,4.961,5228.1,yes
22,services,single,high.school,no,yes,no,telephone,jun,mon,94,2,999,0,nonexistent,-2.9,92.963,-40.8,1.26,5076.2,no
28,self-employed,single,university.degree,no,no,no,cellular,jun,mon,373,2,999,0,nonexistent,-2.9,92.963,-40.8,1.266,5076.2,yes
41,admin,married,basic.9y,no,yes,no,telephone,jul,wed,120,3,999,0,nonexistent,1.4,93.918,-42.7,4.962,5228.1,no
36,bluecollar,married,basic.9y,unknown,no,no,cellular,jul,thu,218,1,999,0,nonexistent,1.4,93.918,-42.7,4.963,5228.1,yes
53,admin,divorced,university.degree,no,yes,no,cellular,mar,thu,228,1,999,1,failure,-1.8,93.369,-34.8,0.65,5008.7,no
28,entrepreneur,married,basic.4y,unknown,yes,no,telephone,may,wed,143,1,999,0,nonexistent,1.1,93.994,-36.4,4.859,5191,yes
62,management,divorced,high.school,no,no,no,cellular,aug,mon,405,1,999,0,nonexistent,-2.9,92.201,-31.4,0.861,5076.2,no
52,admin,divorced,university.degree,unknown,yes,yes,cellular,jul,tue,201,9,999,0,nonexistent,1.4,93.918,-42.7,4.962,5228.1,yes
28,admin,divorced,university.degree,no,yes,no,cellular,may,thu,1148,1,999,0,nonexistent,-1.8,92.893,-46.2,1.327,5099.1,no
29,bluecollar,single,basic.6y,no,no,no,telephone,nov,fri,69,2,999,0,nonexistent,-0.1,93.2,-42,4.021,5195.8,yes
39,bluecollar,divorced,basic.9y,no,yes,no,telephone,may,tue,182,6,999,0,nonexistent,1.1,93.994,-36.4,4.856,5191,no
39,technician,single,university.degree,unknown,no,yes,cellular,oct,fri,125,1,999,0,nonexistent,-3.4,92.431,-26.9,0.72,5017.5,yes
60,admin,married,professional.course,no,yes,no,cellular,apr,thu,571,1,999,0,nonexistent,-1.8,93.075,-47.1,1.365,5099.1,no
33,technician,married,professional.course,no,yes,no,telephone,may,mon,390,3,999,0,nonexistent,-1.8,92.893,-46.2,1.354,5099.1,yes
32,bluecollar,married,basic.6y,no,no,yes,cellular,nov,wed,188,2,999,0,nonexistent,-0.1,93.2,-42,4.12,5195.8,no
49,self-employed,married,professional.course,no,yes,no,telephone,may,tue,214,1,999,0,nonexistent,1.1,93.994,-36.4,4.856,5191,yes
31,admin,married,high.school,no,no,no,telephone,may,wed,469,3,999,0,nonexistent,1.1,93.994,-36.4,4.857,5191,no
27,housemaid,married,high.school,no,yes,no,cellular,jul,fri,189,2,999,0,nonexistent,1.4,93.918,-42.7,4.963,5228.1,yes
38,services,married,high.school,no,no,no,cellular,apr,tue,186,2,999,0,nonexistent,-1.8,93.075,-47.1,1.384,5099.1,no
31,admin,married,university.degree,no,no,no,cellular,aug,thu,112,3,999,0,nonexistent,1.4,93.444,-36.1,4.968,5228.1,yes
40,management,single,high.school,no,no,no,cellular,jul,wed,94,4,999,0,nonexistent,1.4,93.918,-42.7,4.963,5228.1,no
28,admin,married,high.school,no,yes,no,cellular,nov,tue,254,5,999,0,nonexistent,-3.4,92.649,-30.1,0.715,5017.5,yes
56,admin,married,high.school,no,no,no,cellular,sep,thu,276,1,999,0,nonexistent,-3.4,92.379,-29.8,0.778,5017.5,no
35,admin,single,university.degree,no,no,no,cellular,jul,fri,330,2,999,0,nonexistent,1.4,93.918,-42.7,4.963,5228.1,yes
56,management,married,basic.9y,no,yes,yes,cellular,nov,fri,62,2,999,1,failure,-0.1,93.2,-42,4.021,5195.8,no
35,technician,divorced,professional.course,no,yes,no,cellular,aug,tue,536,2,999,0,nonexistent,1.4,93.444,-36.1,4.966,5228.1,yes
46,admin,divorced,basic.9y,no,yes,no,cellular,may,fri,275,1,999,1,failure,-1.8,92.893,-46.2,1.313,5099.1,no
32,bluecollar,married,basic.9y,no,yes,yes,cellular,may,wed,230,1,999,0,nonexistent,-1.8,92.893,-46.2,1.334,5099.1,yes
45,services,single,unknown,no,no,no,telephone,apr,fri,541,1,999,0,nonexistent,-1.8,93.075,-47.1,1.405,5099.1,no
34,management,divorced,basic.6y,unknown,yes,no,telephone,may,thu,271,5,999,0,nonexistent,1.1,93.994,-36.4,4.855,5191,yes
56,housemaid,divorced,basic.4y,no,yes,no,cellular,nov,thu,212,1,999,1,failure,-0.1,93.2,-42,4.076,5195.8,no
39,technician,single,professional.course,no,no,no,cellular,jul,mon,617,2,999,0,nonexistent,1.4,93.918,-42.7,4.96,5228.1,yes
24,unknown,single,university.degree,no,yes,no,cellular,jun,tue,74,1,3,2,success,-2.9,92.963,-40.8,1.262,5076.2,no
50,management,single,university.degree,no,yes,no,telephone,may,fri,184,2,999,0,nonexistent,1.1,93.994,-36.4,4.855,5191,yes
43,unemployed,divorced,basic.9y,no,no,no,cellular,jul,mon,398,7,999,0,nonexistent,1.4,93.918,-42.7,4.962,5228.1,no
52,retired,married,high.school,no,yes,no,cellular,aug,fri,293,3,999,0,nonexistent,1.4,93.444,-36.1,4.966,5228.1,yes
59,technician,married,university.degree,no,no,no,cellular,aug,wed,119,4,999,0,nonexistent,-2.9,92.201,-31.4,0.879,5076.2,no
27,bluecollar,married,basic.4y,no,yes,no,cellular,may,tue,259,1,999,0,nonexistent,-1.8,92.893,-46.2,1.291,5099.1,yes
33,unemployed,married,basic.9y,no,yes,no,telephone,nov,wed,41,1,999,0,nonexistent,-0.1,93.2,-42,4.12,5195.8,no
25,services,single,high.school,no,no,no,cellular,oct,mon,79,1,999,2,failure,-1.1,94.601,-49.5,0.977,4963.6,yes
47,housemaid,married,professional.course,no,yes,yes,telephone,jun,mon,132,5,999,0,nonexistent,1.4,94.465,-41.8,4.865,5228.1,no
31,bluecollar,single,high.school,unknown,yes,no,telephone,jun,tue,187,2,999,0,nonexistent,1.4,94.465,-41.8,4.864,5228.1,yes
43,bluecollar,married,basic.9y,unknown,unknown,unknown,cellular,may,tue,123,1,999,0,nonexistent,-1.8,92.893,-46.2,1.344,5099.1,no
34,bluecollar,single,basic.9y,unknown,no,no,telephone,may,mon,289,1,999,0,nonexistent,1.1,93.994,-36.4,4.857,5191,yes
50,services,married,high.school,no,yes,no,cellular,nov,tue,90,1,999,0,nonexistent,-0.1,93.2,-42,4.153,5195.8,no
31,admin,married,university.degree,no,yes,no,cellular,aug,tue,64,6,999,0,nonexistent,1.4,93.444,-36.1,4.966,5228.1,yes
45,services,divorced,basic.4y,no,no,no,cellular,apr,thu,296,1,999,0,nonexistent,-1.8,93.075,-47.1,1.41,5099.1,no
35,technician,married,professional.course,no,yes,no,cellular,sep,thu,390,2,999,0,nonexistent,-1.1,94.199,-37.5,0.878,4963.6,yes
59,bluecollar,married,basic.4y,unknown,no,no,cellular,jun,wed,340,1,999,1,failure,-2.9,92.963,-40.8,1.26,5076.2,no
29,technician,married,university.degree,no,no,yes,cellular,aug,wed,80,1,999,0,nonexistent,1.4,93.444,-36.1,4.965,5228.1,yes
28,admin,single,university.degree,no,yes,no,telephone,may,thu,393,2,999,0,nonexistent,1.1,93.994,-36.4,4.855,5191,no
45,admin,married,high.school,no,yes,no,cellular,nov,mon,527,1,999,0,nonexistent,-0.1,93.2,-42,4.191,5195.8,yes
47,technician,single,university.degree,no,no,no,cellular,apr,fri,115,2,999,0,nonexistent,-1.8,93.075,-47.1,1.405,5099.1,no
41,self-employed,married,university.degree,no,yes,no,cellular,aug,tue,92,1,999,0,nonexistent,1.4,93.444,-36.1,4.966,5228.1,yes
42,management,married,high.school,no,no,no,cellular,aug,wed,588,3,999,0,nonexistent,1.4,93.444,-36.1,4.967,5228.1,no
32,technician,single,university.degree,no,yes,no,cellular,aug,tue,645,4,999,0,nonexistent,1.4,93.444,-36.1,4.966,5228.1,yes
32,bluecollar,married,basic.6y,no,yes,no,cellular,jul,fri,251,2,999,0,nonexistent,1.4,93.918,-42.7,4.963,5228.1,no
33,bluecollar,married,high.school,no,no,no,telephone,may,tue,328,1,999,0,nonexistent,1.1,93.994,-36.4,4.857,5191,yes
43,management,married,unknown,unknown,no,no,cellular,apr,thu,177,1,999,0,nonexistent,-1.8,93.075,-47.1,1.41,5099.1,no
34,bluecollar,married,university.degree,no,no,yes,cellular,may,fri,208,4,999,0,nonexistent,-1.8,92.893,-46.2,1.313,5099.1,yes
59,housemaid,married,basic.4y,unknown,no,no,cellular,aug,tue,77,6,999,0,nonexistent,1.4,93.444,-36.1,4.965,5228.1,no
31,admin,married,university.degree,no,yes,no,cellular,nov,thu,210,2,999,0,nonexistent,-0.1,93.2,-42,4.076,5195.8,yes
24,admin,single,university.degree,no,yes,yes,cellular,jun,mon,74,1,999,0,nonexistent,-2.9,92.963,-40.8,1.26,5076.2,no
27,bluecollar,single,basic.9y,no,no,no,cellular,jul,thu,284,1,999,0,nonexistent,1.4,93.918,-42.7,4.958,5228.1,yes
37,services,married,high.school,no,yes,no,cellular,may,fri,81,2,999,1,failure,-1.8,92.893,-46.2,1.25,5099.1,no
53,self-employed,married,university.degree,no,yes,no,cellular,nov,fri,1221,1,999,0,nonexistent,-0.1,93.2,-42,4.021,5195.8,yes
31,bluecollar,married,basic.9y,no,yes,no,telephone,jun,wed,704,4,999,0,nonexistent,1.4,94.465,-41.8,4.962,5228.1,no
56,technician,married,professional.course,no,no,no,cellular,jul,fri,196,2,999,0,nonexistent,1.4,93.918,-42.7,4.963,5228.1,yes
35,technician,married,high.school,no,unknown,unknown,cellular,aug,fri,171,1,999,0,nonexistent,1.4,93.444,-36.1,4.963,5228.1,no
54,retired,married,professional.course,unknown,no,no,cellular,aug,tue,95,2,999,0,nonexistent,-2.9,92.201,-31.4,0.838,5076.2,yes
39,entrepreneur,married,basic.9y,unknown,yes,yes,cellular,may,thu,158,2,999,0,nonexistent,-1.8,92.893,-46.2,1.266,5099.1,no
44,management,married,basic.9y,no,yes,no,cellular,aug,wed,260,1,999,0,nonexistent,1.4,93.444,-36.1,4.965,5228.1,yes
49,technician,married,professional.course,no,yes,yes,telephone,jul,mon,70,3,999,0,nonexistent,1.4,93.918,-42.7,4.96,5228.1,no
47,management,married,basic.4y,no,no,yes,telephone,jun,thu,216,1,999,0,nonexistent,1.4,94.465,-41.8,4.961,5228.1,yes
30,bluecollar,single,basic.6y,no,no,no,cellular,may,fri,92,4,999,1,failure,-1.8,92.893,-46.2,1.25,5099.1,no
29,admin,single,high.school,no,no,no,cellular,may,wed,230,4,999,0,nonexistent,-1.8,92.893,-46.2,1.281,5099.1,yes
39,technician,single,professional.course,no,yes,no,telephone,jul,mon,241,3,999,0,nonexistent,1.4,93.918,-42.7,4.96,5228.1,no
33,entrepreneur,married,university.degree,no,yes,no,telephone,may,fri,135,2,999,0,nonexistent,1.1,93.994,-36.4,4.857,5191,yes
32,technician,married,university.degree,no,no,no,telephone,jun,thu,281,1,999,0,nonexistent,1.4,94.465,-41.8,4.958,5228.1,no
49,technician,married,unknown,no,no,no,cellular,apr,fri,378,1,999,0,nonexistent,-1.8,93.075,-47.1,1.405,5099.1,yes
32,admin,married,university.degree,no,yes,no,cellular,jul,thu,144,1,999,0,nonexistent,1.4,93.918,-42.7,4.963,5228.1,no
52,admin,divorced,high.school,no,yes,no,cellular,nov,fri,127,2,999,0,nonexistent,-0.1,93.2,-42,4.021,5195.8,yes
28,services,divorced,high.school,unknown,no,yes,cellular,jul,fri,278,2,999,0,nonexistent,1.4,93.918,-42.7,4.957,5228.1,no
29,admin,single,university.degree,no,yes,no,cellular,aug,wed,88,2,999,0,nonexistent,1.4,93.444,-36.1,4.964,5228.1,yes
47,management,married,high.school,no,no,no,cellular,may,wed,282,1,999,0,nonexistent,-1.8,92.893,-46.2,1.27,5099.1,no
36,admin,married,high.school,unknown,no,no,telephone,may,tue,21,1,999,0,nonexistent,1.1,93.994,-36.4,4.856,5191,yes
23,bluecollar,single,basic.9y,no,no,no,cellular,jul,thu,250,4,999,1,failure,-1.7,94.215,-40.3,0.846,4991.6,no
59,technician,divorced,basic.4y,no,yes,no,telephone,jun,fri,135,2,999,0,nonexistent,1.4,94.465,-41.8,4.947,5228.1,yes
45,unknown,single,high.school,no,yes,no,cellular,jul,wed,83,3,999,0,nonexistent,1.4,93.918,-42.7,4.963,5228.1,no
29,bluecollar,married,basic.6y,no,no,no,cellular,may,thu,16,7,999,0,nonexistent,-1.8,92.893,-46.2,1.266,5099.1,yes
74,retired,divorced,high.school,no,yes,yes,telephone,dec,mon,88,6,999,0,nonexistent,-3,92.713,-33,0.715,5023.5,no
66,retired,married,basic.4y,no,yes,yes,telephone,nov,thu,1127,1,999,0,nonexistent,-3.4,92.649,-30.1,0.714,5017.5,yes
46,admin,married,high.school,no,no,no,cellular,nov,mon,504,1,999,1,failure,-0.1,93.2,-42,4.191,5195.8,no
43,bluecollar,single,unknown,unknown,no,no,telephone,may,wed,299,3,999,0,nonexistent,1.1,93.994,-36.4,4.857,5191,yes
46,management,married,university.degree,no,yes,no,cellular,may,thu,293,2,999,0,nonexistent,-1.8,92.893,-46.2,1.327,5099.1,no
49,admin,married,high.school,unknown,no,no,telephone,may,wed,139,1,999,0,nonexistent,1.1,93.994,-36.4,4.858,5191,yes
28,management,single,university.degree,no,no,no,cellular,jul,fri,292,3,999,0,nonexistent,1.4,93.918,-42.7,4.957,5228.1,no
34,unemployed,single,university.degree,no,no,no,telephone,jun,mon,409,4,999,0,nonexistent,1.4,94.465,-41.8,4.865,5228.1,yes
43,technician,married,basic.9y,unknown,yes,yes,telephone,jun,fri,818,2,999,0,nonexistent,1.4,94.465,-41.8,4.959,5228.1,no
45,bluecollar,married,basic.4y,no,no,no,cellular,jul,tue,157,5,999,0,nonexistent,1.4,93.918,-42.7,4.961,5228.1,yes
46,technician,divorced,professional.course,no,no,no,cellular,may,mon,78,1,999,0,nonexistent,-1.8,92.893,-46.2,1.244,5099.1,no
36,management,married,university.degree,no,no,no,cellular,nov,wed,226,2,999,0,nonexistent,-0.1,93.2,-42,4.12,5195.8,yes
44,bluecollar,married,basic.4y,no,no,no,cellular,nov,thu,107,1,999,0,nonexistent,-0.1,93.2,-42,4.076,5195.8,no
30,technician,married,university.degree,no,yes,no,cellular,apr,fri,103,1,999,0,nonexistent,-1.8,93.075,-47.1,1.479,5099.1,yes
42,technician,married,professional.course,unknown,no,no,cellular,aug,wed,88,2,999,0,nonexistent,1.4,93.444,-36.1,4.964,5228.1,no
48,admin,divorced,university.degree,no,no,no,cellular,may,tue,1062,3,999,0,nonexistent,-1.8,92.893,-46.2,1.291,5099.1,yes
34,bluecollar,single,basic.9y,unknown,yes,no,cellular,jul,thu,562,1,999,0,nonexistent,1.4,93.918,-42.7,4.963,5228.1,no
33,services,married,basic.4y,no,no,no,telephone,may,fri,58,1,999,0,nonexistent,1.1,93.994,-36.4,4.864,5191,yes
40,technician,married,professional.course,no,yes,no,cellular,aug,thu,156,3,999,0,nonexistent,1.4,93.444,-36.1,4.963,5228.1,no
37,services,married,high.school,no,no,no,cellular,may,tue,157,4,999,0,nonexistent,-1.8,92.893,-46.2,1.344,5099.1,yes
30,technician,single,professional.course,no,yes,no,cellular,aug,mon,191,1,999,0,nonexistent,1.4,93.444,-36.1,4.963,5228.1,no
33,management,divorced,university.degree,no,yes,no,cellular,jun,wed,63,1,999,0,nonexistent,-2.9,92.963,-40.8,1.26,5076.2,yes
32,technician,single,high.school,no,yes,no,cellular,may,tue,361,2,999,0,nonexistent,-1.8,92.893,-46.2,1.291,5099.1,no
44,technician,married,basic.6y,unknown,yes,no,telephone,jun,mon,160,2,999,0,nonexistent,1.4,94.465,-41.8,4.961,5228.1,yes
58,retired,divorced,university.degree,no,yes,no,telephone,may,fri,825,1,999,0,nonexistent,1.1,93.994,-36.4,4.855,5191,no
62,technician,married,unknown,no,yes,no,cellular,jul,mon,273,1,16,1,success,-1.7,94.215,-40.3,0.827,4991.6,yes
42,services,single,high.school,no,no,no,telephone,jun,fri,207,4,999,0,nonexistent,1.4,94.465,-41.8,4.967,5228.1,no
46,services,married,basic.9y,no,no,no,cellular,jul,tue,630,2,999,0,nonexistent,1.4,93.918,-42.7,4.962,5228.1,yes
37,management,married,high.school,no,no,no,cellular,may,fri,292,3,999,0,nonexistent,-1.8,93.876,-40,0.682,5008.7,no
37,bluecollar,married,professional.course,no,yes,no,telephone,may,thu,112,3,999,0,nonexistent,1.1,93.994,-36.4,4.855,5191,yes
46,services,married,basic.9y,no,no,no,cellular,may,wed,984,1,999,1,failure,-1.8,92.893,-46.2,1.334,5099.1,no
34,admin,unknown,university.degree,no,yes,no,cellular,jul,thu,243,1,999,0,nonexistent,1.4,93.918,-42.7,4.958,5228.1,yes
46,services,married,high.school,no,no,no,cellular,jul,thu,92,1,999,0,nonexistent,1.4,93.918,-42.7,4.968,5228.1,no
37,management,married,university.degree,no,no,no,cellular,may,mon,546,1,999,0,nonexistent,-1.8,92.893,-46.2,1.244,5099.1,yes
47,management,married,university.degree,no,no,no,telephone,may,mon,24,12,999,0,nonexistent,1.1,93.994,-36.4,4.857,5191,no
36,admin,married,university.degree,no,no,no,telephone,jun,mon,199,1,999,0,nonexistent,1.4,94.465,-41.8,4.961,5228.1,yes
32,technician,married,professional.course,no,yes,no,cellular,nov,thu,370,1,999,0,nonexistent,-0.1,93.2,-42,4.076,5195.8,no
46,entrepreneur,married,high.school,no,yes,no,cellular,aug,tue,435,5,999,0,nonexistent,1.4,93.444,-36.1,4.965,5228.1,yes
51,entrepreneur,divorced,university.degree,unknown,no,yes,telephone,may,mon,112,2,999,0,nonexistent,1.1,93.994,-36.4,4.857,5191,no
24,student,single,basic.4y,no,yes,yes,telephone,jul,fri,57,1,999,0,nonexistent,1.4,93.918,-42.7,4.963,5228.1,yes
53,admin,married,basic.9y,unknown,yes,no,telephone,may,fri,168,3,999,0,nonexistent,1.1,93.994,-36.4,4.864,5191,no
46,unemployed,married,basic.6y,no,yes,no,cellular,nov,thu,113,4,999,0,nonexistent,-0.1,93.2,-42,4.076,5195.8,yes
51,bluecollar,married,basic.9y,unknown,unknown,unknown,telephone,may,tue,487,2,999,0,nonexistent,1.1,93.994,-36.4,4.856,5191,no
56,technician,married,unknown,no,yes,no,telephone,may,tue,174,2,999,0,nonexistent,1.1,93.994,-36.4,4.857,5191,yes
35,admin,single,high.school,no,yes,no,cellular,may,tue,13,5,999,0,nonexistent,-1.8,92.893,-46.2,1.291,5099.1,no
34,technician,married,professional.course,unknown,yes,yes,cellular,aug,thu,189,3,999,0,nonexistent,1.4,93.444,-36.1,4.963,5228.1,yes
38,self-employed,married,basic.9y,no,no,no,cellular,may,wed,270,4,999,1,failure,-1.8,92.893,-46.2,1.334,5099.1,no
35,services,single,professional.course,unknown,yes,no,cellular,nov,tue,114,2,999,0,nonexistent,-0.1,93.2,-42,4.153,5195.8,yes
32,admin,married,high.school,unknown,yes,no,telephone,may,fri,17,9,999,0,nonexistent,-1.8,92.893,-46.2,1.313,5099.1,no
38,bluecollar,married,basic.9y,no,no,no,cellular,nov,tue,213,1,999,0,nonexistent,-0.1,93.2,-42,4.153,5195.8,yes
44,management,divorced,university.degree,no,yes,no,telephone,jun,mon,96,8,999,0,nonexistent,1.4,94.465,-41.8,4.96,5228.1,no
37,unemployed,single,professional.course,no,no,no,telephone,jun,fri,394,2,999,0,nonexistent,1.4,94.465,-41.8,4.959,5228.1,yes
59,retired,married,professional.course,no,no,no,cellular,aug,fri,218,3,3,1,success,-1.7,94.027,-38.3,0.905,4991.6,no
24,bluecollar,single,unknown,no,no,no,cellular,jul,tue,62,3,999,0,nonexistent,1.4,93.918,-42.7,4.961,5228.1,yes
35,admin,married,high.school,unknown,no,no,cellular,jul,fri,451,1,999,0,nonexistent,1.4,93.918,-42.7,4.963,5228.1,no
30,admin,single,university.degree,no,yes,no,cellular,aug,tue,386,3,999,0,nonexistent,1.4,93.444,-36.1,4.963,5228.1,yes
33,technician,single,professional.course,no,no,no,cellular,aug,mon,266,2,999,0,nonexistent,1.4,93.444,-36.1,4.963,5228.1,no
43,bluecollar,married,basic.4y,unknown,yes,yes,telephone,nov,tue,249,3,999,1,failure,-0.1,93.2,-42,4.153,5195.8,yes
41,admin,married,university.degree,no,yes,yes,telephone,jun,wed,802,3,999,0,nonexistent,1.4,94.465,-41.8,4.962,5228.1,no
57,admin,married,professional.course,no,unknown,unknown,cellular,jul,mon,127,6,999,0,nonexistent,1.4,93.918,-42.7,4.962,5228.1,yes
49,admin,married,university.degree,no,yes,yes,telephone,may,mon,16,1,999,0,nonexistent,-1.8,92.893,-46.2,1.354,5099.1,no
30,entrepreneur,married,professional.course,no,yes,yes,cellular,nov,thu,267,2,999,0,nonexistent,-0.1,93.2,-42,4.076,5195.8,yes
45,bluecollar,divorced,basic.4y,no,yes,no,cellular,jul,wed,112,1,999,0,nonexistent,1.4,93.918,-42.7,4.962,5228.1,no
30,entrepreneur,single,university.degree,no,yes,no,cellular,nov,thu,531,1,999,1,failure,-0.1,93.2,-42,4.076,5195.8,yes
41,bluecollar,married,basic.9y,no,yes,no,cellular,nov,mon,238,1,999,0,nonexistent,-0.1,93.2,-42,4.191,5195.8,no
53,management,married,university.degree,no,yes,no,cellular,apr,fri,111,2,999,0,nonexistent,-1.8,93.075,-47.1,1.405,5099.1,yes
29,management,single,university.degree,no,no,yes,cellular,nov,tue,73,1,999,0,nonexistent,-0.1,93.2,-42,4.153,5195.8,no
45,technician,married,university.degree,no,no,no,telephone,jun,thu,65,1,999,0,nonexistent,1.4,94.465,-41.8,4.961,5228.1,yes
24,bluecollar,single,basic.4y,no,yes,no,cellular,may,fri,389,1,999,0,nonexistent,-1.8,92.893,-46.2,1.313,5099.1,no
43,admin,single,university.degree,no,no,yes,cellular,aug,thu,306,3,999,0,nonexistent,1.4,93.444,-36.1,4.968,5228.1,yes
45,bluecollar,married,basic.6y,no,yes,no,telephone,jun,mon,252,2,999,0,nonexistent,1.4,94.465,-41.8,4.96,5228.1,no
34,services,married,high.school,unknown,no,no,telephone,jun,fri,453,2,999,0,nonexistent,1.4,94.465,-41.8,4.967,5228.1,yes
35,bluecollar,single,basic.9y,unknown,yes,no,cellular,may,mon,83,2,999,1,failure,-1.8,92.893,-46.2,1.299,5099.1,no
25,bluecollar,single,basic.9y,no,no,no,cellular,may,fri,72,2,999,1,failure,-1.8,92.893,-46.2,1.25,5099.1,yes
58,bluecollar,married,unknown,no,yes,no,telephone,may,tue,38,1,999,0,nonexistent,1.1,93.994,-36.4,4.856,5191,no
31,admin,married,high.school,no,unknown,unknown,telephone,jun,wed,360,2,999,0,nonexistent,1.4,94.465,-41.8,4.864,5228.1,yes
30,self-employed,single,university.degree,no,yes,yes,cellular,aug,wed,131,3,999,0,nonexistent,1.4,93.444,-36.1,4.967,5228.1,no
30,bluecollar,single,basic.6y,no,yes,no,telephone,may,fri,72,3,999,0,nonexistent,1.1,93.994,-36.4,4.864,5191,yes
37,admin,divorced,university.degree,unknown,yes,no,cellular,may,mon,442,1,999,0,nonexistent,-1.8,92.893,-46.2,1.244,5099.1,no
58,retired,married,basic.4y,no,no,no,cellular,jul,tue,114,1,999,0,nonexistent,1.4,93.918,-42.7,4.961,5228.1,yes
34,admin,single,high.school,no,yes,no,cellular,aug,tue,168,2,999,0,nonexistent,-1.7,94.027,-38.3,0.904,4991.6,no
34,bluecollar,married,basic.9y,unknown,no,no,cellular,may,thu,263,1,999,1,failure,-1.8,92.893,-46.2,1.327,5099.1,yes
43,technician,married,professional.course,no,yes,no,cellular,aug,wed,78,7,999,0,nonexistent,1.4,93.444,-36.1,4.964,5228.1,no
30,student,single,professional.course,no,no,no,cellular,sep,mon,162,2,9,2,failure,-1.1,94.199,-37.5,0.879,4963.6,yes
35,unknown,married,basic.9y,no,no,no,telephone,may,thu,241,4,999,0,nonexistent,1.1,93.994,-36.4,4.86,5191,no
33,admin,single,university.degree,no,no,no,cellular,aug,wed,154,1,999,0,nonexistent,1.4,93.444,-36.1,4.964,5228.1,yes
45,management,married,basic.9y,no,yes,no,telephone,jun,fri,37,4,999,0,nonexistent,1.4,94.465,-41.8,4.959,5228.1,no
28,services,married,high.school,no,no,yes,cellular,jul,fri,200,3,999,0,nonexistent,1.4,93.918,-42.7,4.962,5228.1,yes
29,student,single,professional.course,no,no,no,cellular,jun,fri,95,2,999,0,nonexistent,-2.9,92.963,-40.8,1.268,5076.2,no
31,admin,married,university.degree,no,yes,no,cellular,nov,thu,95,1,999,0,nonexistent,-0.1,93.2,-42,4.076,5195.8,yes
27,technician,single,university.degree,no,yes,no,cellular,sep,thu,530,1,3,1,success,-1.1,94.199,-37.5,0.879,4963.6,no
41,bluecollar,married,basic.6y,no,yes,no,cellular,may,fri,432,1,999,0,nonexistent,-1.8,92.893,-46.2,1.25,5099.1,yes
29,services,single,high.school,no,yes,no,telephone,may,thu,430,1,999,0,nonexistent,1.1,93.994,-36.4,4.86,5191,no
24,services,single,basic.9y,no,yes,yes,cellular,may,fri,68,4,999,1,failure,-1.8,92.893,-46.2,1.25,5099.1,yes
34,admin,single,university.degree,no,yes,no,cellular,apr,tue,145,1,999,0,nonexistent,-1.8,93.075,-47.1,1.423,5099.1,no
58,management,married,university.degree,no,no,no,cellular,may,thu,289,1,3,4,success,-1.8,93.876,-40,0.683,5008.7,yes
52,housemaid,married,basic.6y,no,yes,no,cellular,aug,tue,106,1,999,0,nonexistent,1.4,93.444,-36.1,4.966,5228.1,no
30,student,single,university.degree,no,no,no,cellular,nov,fri,585,4,999,1,failure,-0.1,93.2,-42,4.021,5195.8,yes
39,admin,married,university.degree,no,no,no,telephone,may,fri,208,2,999,0,nonexistent,1.1,93.994,-36.4,4.864,5191,no
39,entrepreneur,married,high.school,no,no,no,telephone,jun,mon,232,3,999,0,nonexistent,1.4,94.465,-41.8,4.865,5228.1,yes
32,admin,married,university.degree,no,yes,no,cellular,nov,wed,236,3,999,0,nonexistent,-1.1,94.767,-50.8,1.03,4963.6,no
36,bluecollar,married,basic.9y,no,yes,yes,telephone,may,wed,55,1,999,0,nonexistent,1.1,93.994,-36.4,4.859,5191,yes
30,admin,married,university.degree,no,yes,yes,cellular,apr,thu,739,2,999,0,nonexistent,-1.8,93.075,-47.1,1.483,5099.1,no
34,bluecollar,married,high.school,no,yes,no,cellular,may,wed,133,1,999,1,failure,-1.8,92.893,-46.2,1.281,5099.1,yes
34,admin,single,high.school,no,no,no,telephone,may,wed,194,3,999,0,nonexistent,1.1,93.994,-36.4,4.857,5191,no
35,unemployed,married,university.degree,no,no,no,cellular,aug,tue,117,2,999,0,nonexistent,1.4,93.444,-36.1,4.966,5228.1,yes
39,entrepreneur,married,high.school,no,yes,no,telephone,jun,thu,582,1,999,0,nonexistent,1.4,94.465,-41.8,4.958,5228.1,no
51,unemployed,married,high.school,no,unknown,unknown,telephone,sep,fri,228,1,999,2,failure,-1.1,94.199,-37.5,0.883,4963.6,yes
29,technician,married,high.school,no,yes,no,cellular,jun,fri,365,3,999,0,nonexistent,-2.9,92.963,-40.8,1.268,5076.2,no
35,technician,single,basic.9y,no,yes,no,cellular,nov,wed,112,1,999,0,nonexistent,-0.1,93.2,-42,4.12,5195.8,yes
46,technician,married,professional.course,no,no,no,cellular,mar,tue,163,2,999,0,nonexistent,-1.8,92.843,-50,1.614,5099.1,no
35,technician,single,professional.course,no,no,no,cellular,nov,wed,161,1,999,0,nonexistent,-0.1,93.2,-42,4.12,5195.8,yes
23,bluecollar,single,basic.9y,no,no,no,cellular,jul,tue,246,1,999,0,nonexistent,1.4,93.918,-42.7,4.961,5228.1,no
49,admin,married,university.degree,no,no,no,cellular,may,wed,155,1,999,0,nonexistent,-1.8,92.893,-46.2,1.334,5099.1,yes
33,admin,single,high.school,no,no,no,cellular,may,tue,399,1,999,0,nonexistent,-1.8,92.893,-46.2,1.344,5099.1,no
41,technician,divorced,professional.course,no,yes,no,cellular,aug,wed,122,4,999,0,nonexistent,1.4,93.444,-36.1,4.964,5228.1,yes
48,technician,married,professional.course,no,no,yes,telephone,oct,tue,200,2,999,0,nonexistent,-3.4,92.431,-26.9,0.742,5017.5,no
43,technician,married,professional.course,no,yes,no,telephone,may,wed,255,1,999,0,nonexistent,1.1,93.994,-36.4,4.856,5191,yes
76,retired,married,university.degree,no,yes,no,cellular,aug,thu,344,1,999,1,failure,-2.9,92.201,-31.4,0.873,5076.2,no
54,admin,married,high.school,no,no,no,cellular,aug,wed,28,10,999,0,nonexistent,1.4,93.444,-36.1,4.964,5228.1,yes
43,services,married,high.school,no,no,no,cellular,jul,thu,345,1,999,0,nonexistent,1.4,93.918,-42.7,4.958,5228.1,no
27,bluecollar,married,basic.4y,unknown,no,no,telephone,may,tue,19,9,999,0,nonexistent,1.1,93.994,-36.4,4.856,5191,yes
55,admin,married,basic.9y,unknown,no,yes,telephone,may,thu,103,2,999,0,nonexistent,1.1,93.994,-36.4,4.86,5191,no
37,technician,single,university.degree,no,yes,no,cellular,aug,tue,178,2,999,0,nonexistent,1.4,93.444,-36.1,4.966,5228.1,yes
29,technician,single,professional.course,no,no,yes,cellular,nov,fri,127,1,6,2,success,-1.1,94.767,-50.8,1.04,4963.6,no
37,services,single,basic.9y,no,no,no,cellular,may,tue,348,1,999,0,nonexistent,-1.8,92.893,-46.2,1.344,5099.1,yes
30,services,married,high.school,no,yes,yes,telephone,jul,mon,342,9,999,0,nonexistent,1.4,93.918,-42.7,4.96,5228.1,no
29,admin,single,high.school,no,yes,no,cellular,jul,wed,126,1,999,0,nonexistent,1.4,93.918,-42.7,4.962,5228.1,yes
30,bluecollar,single,basic.9y,unknown,yes,no,cellular,nov,thu,71,2,999,0,nonexistent,-0.1,93.2,-42,4.076,5195.8,no
25,admin,single,high.school,no,yes,yes,cellular,may,fri,137,4,999,0,nonexistent,-1.8,92.893,-46.2,1.313,5099.1,yes
34,management,single,high.school,no,no,no,cellular,jul,mon,264,1,999,0,nonexistent,1.4,93.918,-42.7,4.96,5228.1,no
58,management,married,basic.4y,no,yes,yes,cellular,may,wed,184,1,999,1,failure,-1.8,92.893,-46.2,1.281,5099.1,yes
26,admin,single,high.school,no,yes,no,telephone,jun,mon,223,2,999,0,nonexistent,1.4,94.465,-41.8,4.961,5228.1,no
54,entrepreneur,married,professional.course,no,no,no,cellular,nov,tue,1855,1,999,0,nonexistent,-0.1,93.2,-42,4.153,5195.8,yes
51,bluecollar,divorced,unknown,unknown,no,no,telephone,jun,wed,220,1,999,0,nonexistent,1.4,94.465,-41.8,4.962,5228.1,no
22,admin,single,university.degree,no,yes,no,cellular,sep,mon,194,2,999,3,failure,-1.1,94.199,-37.5,0.882,4963.6,yes
48,bluecollar,married,basic.9y,no,no,no,telephone,may,mon,607,1,999,0,nonexistent,1.1,93.994,-36.4,4.858,5191,no
48,technician,married,high.school,no,unknown,unknown,telephone,jun,mon,221,1,999,0,nonexistent,1.4,94.465,-41.8,4.96,5228.1,yes
53,technician,married,professional.course,no,yes,no,cellular,aug,thu,100,1,999,1,failure,-2.9,92.201,-31.4,0.883,5076.2,no
55,bluecollar,married,basic.4y,unknown,yes,yes,telephone,may,tue,266,2,999,0,nonexistent,1.1,93.994,-36.4,4.856,5191,yes
59,entrepreneur,divorced,high.school,unknown,yes,no,telephone,may,fri,138,2,999,0,nonexistent,1.1,93.994,-36.4,4.859,5191,no
52,self-employed,married,basic.4y,unknown,no,yes,telephone,jun,thu,71,2,999,0,nonexistent,1.4,94.465,-41.8,4.961,5228.1,yes
36,bluecollar,married,basic.9y,no,no,no,cellular,may,thu,115,3,999,0,nonexistent,-1.8,92.893,-46.2,1.327,5099.1,no
56,services,divorced,high.school,unknown,yes,no,telephone,jun,mon,13,1,999,0,nonexistent,1.4,94.465,-41.8,4.96,5228.1,yes
35,admin,single,high.school,no,yes,yes,telephone,may,mon,19,1,999,0,nonexistent,1.1,93.994,-36.4,4.858,5191,no
30,admin,single,university.degree,no,yes,yes,cellular,aug,tue,155,1,4,1,success,-2.9,92.201,-31.4,0.883,5076.2,yes
45,technician,single,professional.course,no,yes,yes,cellular,mar,thu,143,2,999,0,nonexistent,-1.8,92.843,-50,1.538,5099.1,no
48,admin,divorced,university.degree,no,yes,no,telephone,may,fri,224,4,999,0,nonexistent,1.1,93.994,-36.4,4.864,5191,yes
36,admin,single,university.degree,no,no,no,telephone,may,tue,168,5,999,1,failure,-1.8,92.893,-46.2,1.291,5099.1,no
40,bluecollar,single,basic.9y,no,yes,yes,telephone,may,wed,325,4,999,0,nonexistent,-1.8,92.893,-46.2,1.281,5099.1,yes
32,technician,divorced,professional.course,no,no,yes,cellular,aug,tue,75,1,999,0,nonexistent,1.4,93.444,-36.1,4.963,5228.1,no
60,entrepreneur,married,basic.4y,no,yes,no,telephone,may,thu,82,1,999,0,nonexistent,1.1,93.994,-36.4,4.855,5191,yes
37,unemployed,married,basic.9y,no,yes,yes,cellular,may,fri,129,4,999,0,nonexistent,-1.8,92.893,-46.2,1.313,5099.1,no
32,self-employed,single,university.degree,no,no,no,cellular,jul,thu,276,2,999,0,nonexistent,-2.9,92.469,-33.6,1.072,5076.2,yes
58,management,married,university.degree,no,yes,yes,cellular,may,fri,256,1,999,0,nonexistent,-1.8,92.893,-46.2,1.25,5099.1,no
48,entrepreneur,married,basic.9y,no,yes,no,cellular,jul,wed,438,2,999,0,nonexistent,1.4,93.918,-42.7,4.963,5228.1,yes
31,services,single,high.school,no,no,yes,cellular,may,thu,50,2,999,1,failure,-1.8,92.893,-46.2,1.327,5099.1,no
35,self-employed,single,high.school,no,yes,no,cellular,may,wed,207,1,999,0,nonexistent,-1.8,92.893,-46.2,1.281,5099.1,yes
41,bluecollar,married,basic.6y,no,no,no,cellular,apr,fri,412,1,999,1,failure,-1.8,93.075,-47.1,1.405,5099.1,no
42,bluecollar,married,unknown,unknown,no,yes,cellular,may,thu,428,3,999,1,failure,-1.8,92.893,-46.2,1.266,5099.1,yes
55,bluecollar,divorced,basic.9y,no,yes,no,cellular,nov,thu,97,2,999,0,nonexistent,-0.1,93.2,-42,4.076,5195.8,no
36,admin,divorced,high.school,no,yes,no,telephone,may,mon,84,3,999,0,nonexistent,1.1,93.994,-36.4,4.857,5191,yes
29,admin,single,unknown,no,yes,no,cellular,mar,mon,132,1,999,0,nonexistent,-1.8,93.369,-34.8,0.652,5008.7,no
34,entrepreneur,single,professional.course,no,no,no,telephone,jun,tue,76,2,999,0,nonexistent,1.4,94.465,-41.8,4.961,5228.1,yes
55,retired,married,high.school,no,yes,no,cellular,oct,thu,424,2,7,1,success,-3.4,92.431,-26.9,0.722,5017.5,no
27,bluecollar,single,basic.4y,no,no,no,cellular,may,tue,176,2,999,1,failure,-1.8,92.893,-46.2,1.291,5099.1,yes
32,technician,married,professional.course,no,yes,no,cellular,may,mon,246,1,999,0,nonexistent,-1.8,92.893,-46.2,1.299,5099.1,no
30,services,married,high.school,no,yes,yes,telephone,may,fri,114,2,999,0,nonexistent,1.1,93.994,-36.4,4.864,5191,yes
39,bluecollar,married,basic.9y,unknown,no,no,telephone,may,thu,193,2,999,0,nonexistent,1.1,93.994,-36.4,4.855,5191,no
39,bluecollar,married,unknown,no,yes,no,cellular,jul,tue,82,5,999,0,nonexistent,1.4,93.918,-42.7,4.961,5228.1,yes
39,entrepreneur,divorced,university.degree,no,yes,no,telephone,may,mon,219,2,999,0,nonexistent,1.1,93.994,-36.4,4.858,5191,no
48,admin,single,university.degree,no,yes,no,cellular,aug,thu,44,1,999,0,nonexistent,1.4,93.444,-36.1,4.962,5228.1,yes
33,admin,single,high.school,no,no,no,telephone,may,tue,60,1,999,0,nonexistent,-1.8,92.893,-46.2,1.344,5099.1,no
46,services,divorced,basic.4y,no,no,no,cellular,may,fri,493,7,999,0,nonexistent,-1.8,92.893,-46.2,1.25,5099.1,yes
51,admin,single,university.degree,unknown,yes,yes,cellular,nov,fri,53,2,999,0,nonexistent,-0.1,93.2,-42,4.021,5195.8,no
44,bluecollar,married,basic.4y,no,no,no,telephone,jun,thu,153,1,999,0,nonexistent,1.4,94.465,-41.8,4.866,5228.1,yes
26,services,single,high.school,no,no,no,cellular,jul,mon,91,1,999,0,nonexistent,1.4,93.918,-42.7,4.96,5228.1,no
53,technician,married,professional.course,unknown,yes,yes,cellular,jul,fri,264,2,999,0,nonexistent,1.4,93.918,-42.7,4.957,5228.1,yes
42,admin,married,university.degree,no,yes,no,cellular,nov,mon,116,2,999,0,nonexistent,-0.1,93.2,-42,4.191,5195.8,no
31,unemployed,single,professional.course,no,no,no,telephone,may,tue,20,12,999,0,nonexistent,1.1,93.994,-36.4,4.856,5191,yes
32,admin,single,university.degree,no,yes,no,telephone,jun,thu,186,1,999,0,nonexistent,1.4,94.465,-41.8,4.958,5228.1,no
31,admin,single,basic.9y,no,no,no,cellular,jul,wed,1432,5,999,0,nonexistent,1.4,93.918,-42.7,4.957,5228.1,yes
31,bluecollar,single,basic.4y,no,no,no,telephone,jun,thu,590,3,999,0,nonexistent,1.4,94.465,-41.8,4.866,5228.1,no
27,admin,single,university.degree,no,yes,no,cellular,jun,fri,266,2,999,1,failure,-1.7,94.055,-39.8,0.748,4991.6,yes
50,management,married,university.degree,no,no,no,telephone,sep,tue,84,1,999,0,nonexistent,-1.1,94.199,-37.5,0.879,4963.6,no
31,services,married,high.school,unknown,yes,yes,telephone,jun,wed,146,2,999,0,nonexistent,1.4,94.465,-41.8,4.962,5228.1,yes
39,bluecollar,married,basic.9y,unknown,yes,yes,telephone,may,tue,358,2,999,0,nonexistent,1.1,93.994,-36.4,4.856,5191,no
37,bluecollar,single,professional.course,no,no,no,cellular,aug,tue,109,11,999,0,nonexistent,1.4,93.444,-36.1,4.965,5228.1,yes
58,retired,married,professional.course,unknown,no,no,cellular,aug,mon,244,2,999,0,nonexistent,1.4,93.444,-36.1,4.97,5228.1,no
32,entrepreneur,married,basic.9y,no,no,no,cellular,may,mon,184,4,999,0,nonexistent,-1.8,92.893,-46.2,1.299,5099.1,yes
43,bluecollar,single,basic.6y,no,yes,yes,cellular,jul,wed,1806,4,999,0,nonexistent,1.4,93.918,-42.7,4.957,5228.1,no
33,admin,married,university.degree,no,yes,no,cellular,aug,mon,63,3,999,0,nonexistent,1.4,93.444,-36.1,4.965,5228.1,yes
29,technician,single,professional.course,no,yes,yes,cellular,nov,wed,182,2,999,0,nonexistent,-0.1,93.2,-42,4.12,5195.8,no
32,entrepreneur,divorced,university.degree,no,yes,yes,cellular,jul,fri,57,4,999,0,nonexistent,1.4,93.918,-42.7,4.962,5228.1,yes
42,admin,single,university.degree,no,no,no,cellular,aug,fri,353,1,999,0,nonexistent,1.4,93.444,-36.1,4.966,5228.1,no
32,technician,single,professional.course,no,yes,no,telephone,may,fri,247,1,999,0,nonexistent,1.1,93.994,-36.4,4.859,5191,yes
29,technician,married,professional.course,no,no,no,cellular,jul,tue,294,2,999,0,nonexistent,1.4,93.918,-42.7,4.962,5228.1,no
32,admin,single,professional.course,no,yes,yes,cellular,may,thu,1046,1,999,0,nonexistent,-1.8,92.893,-46.2,1.327,5099.1,yes
51,services,married,high.school,no,yes,no,cellular,aug,fri,241,4,999,0,nonexistent,1.4,93.444,-36.1,4.966,5228.1,no
47,admin,single,university.degree,no,no,no,cellular,oct,mon,767,3,999,0,nonexistent,-1.1,94.601,-49.5,1,4963.6,yes
36,admin,married,high.school,no,yes,no,cellular,may,tue,137,2,999,0,nonexistent,-1.8,92.893,-46.2,1.291,5099.1,no
37,bluecollar,married,professional.course,unknown,no,no,telephone,may,tue,128,2,999,0,nonexistent,1.1,93.994,-36.4,4.856,5191,yes
48,services,divorced,high.school,unknown,yes,yes,telephone,may,mon,158,2,999,0,nonexistent,1.1,93.994,-36.4,4.858,5191,no
50,management,married,university.degree,no,yes,no,telephone,may,wed,117,2,999,0,nonexistent,1.1,93.994,-36.4,4.857,5191,yes
40,bluecollar,married,basic.6y,unknown,yes,no,telephone,may,tue,211,1,999,0,nonexistent,1.1,93.994,-36.4,4.857,5191,no
31,admin,married,university.degree,no,no,yes,cellular,jul,mon,15,11,999,0,nonexistent,1.4,93.918,-42.7,4.96,5228.1,yes
39,bluecollar,married,basic.6y,no,no,no,telephone,may,wed,488,12,999,0,nonexistent,1.1,93.994,-36.4,4.859,5191,no
38,admin,married,high.school,no,yes,no,cellular,nov,tue,67,2,999,0,nonexistent,-0.1,93.2,-42,4.153,5195.8,yes
58,admin,divorced,high.school,no,no,no,telephone,oct,thu,81,1,999,0,nonexistent,-0.1,93.798,-40.4,4.794,5195.8,no
37,technician,married,professional.course,no,no,yes,cellular,jul,fri,674,3,999,0,nonexistent,1.4,93.918,-42.7,4.957,5228.1,yes
34,services,married,high.school,no,no,no,telephone,jun,tue,51,2,999,0,nonexistent,1.4,94.465,-41.8,4.864,5228.1,no
35,technician,married,high.school,unknown,yes,no,cellular,jul,tue,740,1,999,0,nonexistent,1.4,93.918,-42.7,4.962,5228.1,yes
39,entrepreneur,married,university.degree,no,yes,no,cellular,nov,thu,260,1,999,0,nonexistent,-0.1,93.2,-42,4.076,5195.8,no
78,retired,married,basic.9y,no,yes,no,telephone,oct,thu,321,1,999,0,nonexistent,-3.4,92.431,-26.9,0.754,5017.5,yes
43,bluecollar,single,high.school,no,no,yes,telephone,may,thu,137,1,999,0,nonexistent,-1.8,93.876,-40,0.699,5008.7,no
49,technician,divorced,university.degree,no,yes,no,telephone,nov,thu,30,1,999,0,nonexistent,-0.1,93.2,-42,4.076,5195.8,yes
32,technician,married,professional.course,no,no,no,telephone,may,wed,293,2,999,0,nonexistent,1.1,93.994,-36.4,4.858,5191,no
58,entrepreneur,married,university.degree,unknown,no,no,telephone,jun,fri,218,1,999,0,nonexistent,1.4,94.465,-41.8,4.959,5228.1,yes
42,admin,married,university.degree,no,yes,no,cellular,aug,wed,127,1,999,0,nonexistent,1.4,93.444,-36.1,4.967,5228.1,no
32,bluecollar,married,professional.course,no,no,no,telephone,may,thu,1119,1,999,0,nonexistent,1.1,93.994,-36.4,4.855,5191,yes
31,technician,married,professional.course,no,yes,no,cellular,jul,wed,225,2,999,0,nonexistent,1.4,93.918,-42.7,4.962,5228.1,no
45,services,married,professional.course,no,yes,no,cellular,jul,mon,19,23,999,0,nonexistent,1.4,93.918,-42.7,4.962,5228.1,yes
43,bluecollar,married,basic.9y,unknown,yes,no,cellular,may,fri,288,3,999,1,failure,-1.8,92.893,-46.2,1.313,5099.1,no
53,bluecollar,married,basic.4y,no,no,no,cellular,aug,tue,76,1,999,0,nonexistent,1.4,93.444,-36.1,4.968,5228.1,yes
42,admin,married,high.school,no,yes,yes,telephone,jul,mon,388,1,999,0,nonexistent,1.4,93.918,-42.7,4.962,5228.1,no
40,technician,married,professional.course,no,no,no,telephone,jun,fri,179,2,999,0,nonexistent,1.4,94.465,-41.8,4.959,5228.1,yes
41,management,married,university.degree,unknown,yes,no,cellular,aug,thu,172,1,999,0,nonexistent,1.4,93.444,-36.1,4.962,5228.1,no
47,bluecollar,single,basic.9y,unknown,no,no,cellular,may,wed,159,1,999,0,nonexistent,-1.8,92.893,-46.2,1.334,5099.1,yes
53,admin,married,university.degree,no,no,yes,telephone,may,tue,37,13,999,0,nonexistent,1.1,93.994,-36.4,4.856,5191,no
60,retired,married,university.degree,no,yes,no,cellular,oct,mon,338,2,999,0,nonexistent,-1.1,94.601,-49.5,1,4963.6,yes
32,technician,single,university.degree,no,no,no,cellular,nov,thu,485,1,999,1,failure,-0.1,93.2,-42,4.076,5195.8,no
67,retired,married,basic.4y,no,no,no,cellular,aug,mon,300,3,999,0,nonexistent,-1.7,94.027,-38.3,0.898,4991.6,yes
49,management,divorced,university.degree,no,no,no,cellular,jul,thu,144,5,999,0,nonexistent,1.4,93.918,-42.7,4.963,5228.1,no
31,admin,unknown,high.school,no,no,no,telephone,may,mon,182,8,999,0,nonexistent,1.1,93.994,-36.4,4.858,5191,yes
31,admin,single,basic.9y,no,no,no,telephone,may,wed,80,1,999,1,failure,-1.8,92.893,-46.2,1.281,5099.1,no
60,admin,married,high.school,no,yes,yes,cellular,apr,thu,482,2,999,0,nonexistent,-1.8,93.075,-47.1,1.365,5099.1,yes
33,bluecollar,married,high.school,no,no,no,cellular,apr,mon,87,2,999,2,failure,-1.8,93.075,-47.1,1.405,5099.1,no
41,self-employed,married,university.degree,no,yes,no,telephone,may,mon,796,1,999,0,nonexistent,1.1,93.994,-36.4,4.857,5191,yes
45,services,married,professional.course,no,yes,no,telephone,may,mon,221,1,999,0,nonexistent,1.1,93.994,-36.4,4.857,5191,no
29,services,divorced,high.school,no,no,yes,telephone,may,mon,251,11,999,0,nonexistent,1.1,93.994,-36.4,4.857,5191,yes
39,unemployed,married,university.degree,no,no,no,telephone,jun,tue,132,2,999,0,nonexistent,1.4,94.465,-41.8,4.961,5228.1,no
35,admin,married,high.school,unknown,yes,yes,telephone,may,tue,236,1,999,0,nonexistent,1.1,93.994,-36.4,4.857,5191,yes
33,technician,single,university.degree,no,yes,no,cellular,apr,thu,106,2,999,0,nonexistent,-1.8,93.075,-47.1,1.435,5099.1,no
27,unemployed,single,university.degree,no,no,no,telephone,jul,tue,27,1,999,0,nonexistent,1.4,93.918,-42.7,4.961,5228.1,yes
32,bluecollar,married,basic.9y,unknown,no,no,cellular,jul,thu,240,1,999,0,nonexistent,1.4,93.918,-42.7,4.963,5228.1,no
45,bluecollar,married,basic.9y,unknown,no,no,telephone,jun,thu,10,16,999,0,nonexistent,1.4,94.465,-41.8,4.961,5228.1,yes
36,bluecollar,married,basic.9y,unknown,yes,no,telephone,may,thu,140,3,999,0,nonexistent,1.1,93.994,-36.4,4.86,5191,no
41,services,single,unknown,no,yes,no,cellular,may,thu,206,3,999,0,nonexistent,-1.8,92.893,-46.2,1.327,5099.1,yes
40,bluecollar,married,unknown,no,no,no,telephone,may,tue,337,2,999,0,nonexistent,1.1,93.994,-36.4,4.857,5191,no
42,management,married,university.degree,no,no,no,cellular,nov,mon,44,1,999,0,nonexistent,-0.1,93.2,-42,4.191,5195.8,yes
31,admin,single,university.degree,no,yes,no,cellular,aug,wed,138,2,999,0,nonexistent,1.4,93.444,-36.1,4.964,5228.1,no
32,bluecollar,divorced,basic.9y,no,no,no,telephone,may,mon,287,1,999,0,nonexistent,1.1,93.994,-36.4,4.858,5191,yes
32,technician,married,professional.course,no,no,no,cellular,aug,wed,67,4,999,0,nonexistent,1.4,93.444,-36.1,4.964,5228.1,no
27,bluecollar,married,high.school,no,no,no,cellular,may,thu,136,5,999,1,failure,-1.8,92.893,-46.2,1.266,5099.1,yes
35,bluecollar,married,basic.4y,no,no,no,telephone,jun,thu,636,1,999,0,nonexistent,1.4,94.465,-41.8,4.866,5228.1,no
41,admin,married,university.degree,no,yes,yes,telephone,may,mon,77,2,999,0,nonexistent,1.1,93.994,-36.4,4.857,5191,yes
45,admin,married,university.degree,no,no,yes,cellular,jul,thu,468,1,999,0,nonexistent,1.4,93.918,-42.7,4.968,5228.1,no
45,admin,married,university.degree,no,no,no,cellular,jul,tue,114,2,999,0,nonexistent,1.4,93.918,-42.7,4.961,5228.1,yes
44,admin,married,high.school,unknown,no,no,cellular,aug,fri,262,4,999,0,nonexistent,1.4,93.444,-36.1,4.966,5228.1,no
51,technician,married,professional.course,no,no,no,cellular,aug,wed,221,9,999,0,nonexistent,1.4,93.444,-36.1,4.967,5228.1,yes
50,unemployed,married,professional.course,no,no,no,cellular,jul,thu,74,3,999,0,nonexistent,1.4,93.918,-42.7,4.968,5228.1,no
41,bluecollar,married,basic.4y,no,no,no,cellular,nov,thu,604,1,999,0,nonexistent,-0.1,93.2,-42,4.076,5195.8,yes
29,admin,married,basic.9y,no,yes,no,telephone,jun,thu,120,1,999,0,nonexistent,1.4,94.465,-41.8,4.961,5228.1,no
44,management,married,basic.9y,no,no,no,cellular,may,tue,296,1,999,0,nonexistent,-1.8,92.893,-46.2,1.291,5099.1,yes
30,bluecollar,married,professional.course,no,no,no,cellular,may,fri,1357,4,999,1,failure,-1.8,92.893,-46.2,1.25,5099.1,no
39,housemaid,married,basic.4y,no,yes,yes,cellular,aug,fri,123,2,999,0,nonexistent,1.4,93.444,-36.1,4.964,5228.1,yes
39,management,married,university.degree,no,yes,no,telephone,jun,fri,23,1,999,0,nonexistent,1.4,94.465,-41.8,4.967,5228.1,no
50,bluecollar,married,basic.4y,unknown,no,no,telephone,jun,tue,209,3,999,0,nonexistent,1.4,94.465,-41.8,4.961,5228.1,yes
43,bluecollar,married,basic.9y,no,unknown,unknown,telephone,jun,fri,37,1,999,0,nonexistent,1.4,94.465,-41.8,4.967,5228.1,no
36,bluecollar,married,unknown,no,no,no,telephone,may,tue,257,1,999,0,nonexistent,-1.8,92.893,-46.2,1.291,5099.1,yes
80,retired,divorced,high.school,no,yes,no,cellular,oct,thu,169,1,999,0,nonexistent,-3.4,92.431,-26.9,0.722,5017.5,no
36,admin,married,high.school,unknown,yes,no,telephone,may,wed,61,2,999,0,nonexistent,1.1,93.994,-36.4,4.857,5191,yes
29,bluecollar,married,basic.9y,no,yes,no,cellular,jul,mon,104,2,999,0,nonexistent,1.4,93.918,-42.7,4.962,5228.1,no
48,bluecollar,married,basic.6y,no,yes,no,cellular,jul,mon,122,5,999,0,nonexistent,1.4,93.918,-42.7,4.96,5228.1,yes
51,admin,married,high.school,no,no,no,cellular,may,tue,40,4,999,0,nonexistent,-1.8,92.893,-46.2,1.291,5099.1,no
30,admin,single,high.school,no,no,no,cellular,sep,fri,219,3,6,1,success,-1.1,94.199,-37.5,0.883,4963.6,yes
24,technician,single,professional.course,no,unknown,unknown,cellular,may,wed,311,2,999,0,nonexistent,-1.8,92.893,-46.2,1.27,5099.1,no
47,admin,divorced,high.school,no,no,no,cellular,aug,tue,204,6,999,0,nonexistent,1.4,93.444,-36.1,4.966,5228.1,yes
36,bluecollar,married,basic.9y,no,no,no,telephone,jul,thu,414,1,999,0,nonexistent,1.4,93.918,-42.7,4.966,5228.1,no
37,admin,married,high.school,no,yes,no,telephone,may,wed,191,1,999,0,nonexistent,1.1,93.994,-36.4,4.859,5191,yes
31,bluecollar,married,basic.9y,no,yes,no,cellular,may,mon,475,1,999,1,failure,-1.8,92.893,-46.2,1.299,5099.1,no
34,entrepreneur,married,university.degree,unknown,yes,no,cellular,aug,mon,343,2,999,0,nonexistent,1.4,93.444,-36.1,4.965,5228.1,yes
69,retired,married,basic.4y,no,no,no,cellular,sep,mon,258,3,6,1,success,-1.1,94.199,-37.5,0.879,4963.6,no
42,admin,married,university.degree,no,no,no,cellular,nov,mon,226,2,999,0,nonexistent,-0.1,93.2,-42,4.191,5195.8,yes
34,bluecollar,married,basic.6y,unknown,no,no,cellular,jul,wed,727,3,999,0,nonexistent,1.4,93.918,-42.7,4.962,5228.1,no
48,bluecollar,married,basic.9y,no,yes,no,cellular,may,fri,36,1,999,0,nonexistent,-1.8,92.893,-46.2,1.25,5099.1,yes
41,bluecollar,married,basic.6y,no,yes,yes,telephone,may,tue,207,4,999,0,nonexistent,-1.8,92.893,-46.2,1.291,5099.1,no
59,bluecollar,married,basic.4y,unknown,no,no,cellular,aug,wed,413,4,999,0,nonexistent,1.4,93.444,-36.1,4.965,5228.1,yes
50,admin,married,high.school,no,yes,no,telephone,nov,fri,182,2,999,0,nonexistent,-0.1,93.2,-42,4.021,5195.8,no
36,admin,married,high.school,no,yes,yes,cellular,may,mon,142,1,999,0,nonexistent,-1.8,92.893,-46.2,1.299,5099.1,yes
38,bluecollar,married,basic.9y,no,yes,no,telephone,may,fri,100,1,999,0,nonexistent,1.1,93.994,-36.4,4.857,5191,no
44,bluecollar,married,basic.9y,unknown,no,no,telephone,may,mon,109,1,999,0,nonexistent,1.1,93.994,-36.4,4.857,5191,yes
35,services,single,high.school,no,no,no,telephone,may,wed,65,2,999,0,nonexistent,-1.8,92.893,-46.2,1.281,5099.1,no
30,admin,divorced,university.degree,no,yes,no,cellular,aug,fri,77,9,999,0,nonexistent,1.4,93.444,-36.1,4.963,5228.1,yes
32,admin,married,high.school,no,yes,no,cellular,jul,thu,434,2,999,0,nonexistent,1.4,93.918,-42.7,4.968,5228.1,no
53,management,single,professional.course,unknown,no,no,cellular,jul,wed,76,5,999,0,nonexistent,1.4,93.918,-42.7,4.963,5228.1,yes
36,admin,single,university.degree,no,yes,no,cellular,mar,mon,231,2,999,4,failure,-1.8,93.369,-34.8,0.635,5008.7,no
61,admin,married,university.degree,no,yes,yes,cellular,apr,thu,266,5,999,0,nonexistent,-1.8,93.075,-47.1,1.406,5099.1,yes
51,self-employed,married,university.degree,no,yes,yes,cellular,nov,thu,310,3,999,0,nonexistent,-0.1,93.2,-42,4.076,5195.8,no
69,retired,divorced,university.degree,no,yes,no,cellular,apr,tue,207,2,999,0,nonexistent,-1.8,93.075,-47.1,1.423,5099.1,yes
30,technician,single,university.degree,no,yes,no,cellular,may,tue,150,1,999,0,nonexistent,-1.8,92.893,-46.2,1.344,5099.1,no
33,admin,married,university.degree,no,unknown,unknown,cellular,aug,fri,227,1,999,0,nonexistent,1.4,93.444,-36.1,4.964,5228.1,yes
53,services,divorced,basic.9y,no,no,no,cellular,jul,fri,127,3,999,0,nonexistent,1.4,93.918,-42.7,4.957,5228.1,no
49,bluecollar,married,professional.course,no,no,no,cellular,may,tue,118,1,999,0,nonexistent,-1.8,92.893,-46.2,1.344,5099.1,yes
35,technician,married,professional.course,no,yes,no,cellular,may,tue,206,1,999,1,failure,-1.8,92.893,-46.2,1.344,5099.1,no
40,services,married,high.school,unknown,yes,no,telephone,may,mon,177,4,999,0,nonexistent,1.1,93.994,-36.4,4.857,5191,yes
42,services,married,basic.9y,no,yes,no,cellular,may,wed,201,1,999,1,failure,-1.8,92.893,-46.2,1.281,5099.1,no
41,self-employed,divorced,university.degree,no,no,no,cellular,nov,tue,349,1,999,0,nonexistent,-0.1,93.2,-42,4.153,5195.8,yes
31,bluecollar,married,basic.6y,no,no,no,cellular,jul,wed,421,1,999,0,nonexistent,1.4,93.918,-42.7,4.963,5228.1,no
40,management,married,university.degree,no,no,no,cellular,nov,fri,608,3,999,0,nonexistent,-0.1,93.2,-42,4.021,5195.8,yes
53,management,married,university.degree,no,yes,no,cellular,may,wed,92,2,999,1,failure,-1.8,92.893,-46.2,1.281,5099.1,no
53,entrepreneur,divorced,university.degree,no,yes,no,cellular,jul,wed,97,5,999,0,nonexistent,1.4,93.918,-42.7,4.963,5228.1,yes
48,entrepreneur,married,university.degree,no,yes,no,cellular,apr,thu,126,3,999,0,nonexistent,-1.8,93.075,-47.1,1.365,5099.1,no
32,bluecollar,single,basic.9y,unknown,no,no,cellular,jul,fri,316,1,999,0,nonexistent,1.4,93.918,-42.7,4.957,5228.1,yes
27,bluecollar,married,basic.9y,unknown,yes,yes,cellular,jul,mon,119,3,999,0,nonexistent,1.4,93.918,-42.7,4.96,5228.1,no
51,housemaid,married,basic.4y,unknown,yes,no,cellular,jul,fri,135,2,999,0,nonexistent,1.4,93.918,-42.7,4.962,5228.1,yes
39,unemployed,married,university.degree,no,no,no,telephone,jun,fri,212,1,999,0,nonexistent,1.4,94.465,-41.8,4.967,5228.1,no
28,student,single,basic.9y,no,yes,no,cellular,mar,tue,320,1,999,0,nonexistent,-1.8,92.843,-50,1.799,5099.1,yes
31,bluecollar,married,basic.4y,no,yes,no,telephone,may,wed,650,1,999,0,nonexistent,1.1,93.994,-36.4,4.856,5191,no
58,admin,married,university.degree,no,no,no,cellular,sep,thu,272,4,6,1,success,-1.1,94.199,-37.5,0.878,4963.6,yes
54,housemaid,divorced,basic.4y,no,no,no,telephone,may,wed,485,1,999,0,nonexistent,1.1,93.994,-36.4,4.856,5191,no
45,admin,divorced,university.degree,no,yes,no,cellular,aug,mon,390,5,999,0,nonexistent,1.4,93.444,-36.1,4.965,5228.1,yes
36,bluecollar,married,basic.9y,no,yes,no,cellular,may,thu,82,1,999,0,nonexistent,-1.8,92.893,-46.2,1.327,5099.1,no
55,admin,married,university.degree,no,no,no,telephone,may,mon,201,14,999,0,nonexistent,1.1,93.994,-36.4,4.858,5191,yes
51,bluecollar,married,basic.9y,no,yes,no,cellular,nov,wed,359,2,999,1,failure,-0.1,93.2,-42,4.12,5195.8,no
27,bluecollar,single,high.school,no,yes,no,cellular,jul,wed,55,1,999,0,nonexistent,1.4,93.918,-42.7,4.963,5228.1,yes
41,bluecollar,divorced,basic.6y,no,no,no,cellular,jul,fri,159,1,999,0,nonexistent,1.4,93.918,-42.7,4.963,5228.1,no
40,self-employed,married,university.degree,no,no,no,cellular,aug,fri,144,2,999,0,nonexistent,1.4,93.444,-36.1,4.963,5228.1,yes
28,technician,single,professional.course,no,no,no,cellular,may,wed,116,1,999,0,nonexistent,-1.8,92.893,-46.2,1.334,5099.1,no
57,bluecollar,married,basic.4y,no,no,no,cellular,may,tue,674,2,999,1,failure,-1.8,92.893,-46.2,1.344,5099.1,yes
37,admin,married,university.degree,no,no,no,telephone,jul,mon,1009,5,999,0,nonexistent,1.4,93.918,-42.7,4.962,5228.1,no
58,housemaid,married,basic.4y,no,no,no,cellular,aug,wed,84,3,999,0,nonexistent,1.4,93.444,-36.1,4.967,5228.1,yes
34,technician,married,professional.course,no,no,no,cellular,aug,mon,126,2,999,0,nonexistent,1.4,93.444,-36.1,4.965,5228.1,no
28,technician,single,university.degree,no,yes,no,telephone,may,thu,129,1,999,0,nonexistent,1.1,93.994,-36.4,4.86,5191,yes
57,self-employed,married,university.degree,no,no,no,cellular,jul,thu,313,1,999,0,nonexistent,1.4,93.918,-42.7,4.962,5228.1,no
37,services,divorced,high.school,unknown,yes,yes,cellular,apr,mon,92,1,999,1,failure,-1.8,93.075,-47.1,1.405,5099.1,yes
37,technician,married,professional.course,unknown,yes,no,telephone,may,fri,200,3,999,0,nonexistent,1.1,93.994,-36.4,4.855,5191,no
35,admin,married,high.school,no,no,no,telephone,may,fri,91,2,999,0,nonexistent,1.1,93.994,-36.4,4.855,5191,yes
42,services,married,high.school,unknown,no,yes,telephone,jun,tue,214,3,999,0,nonexistent,1.4,94.465,-41.8,4.961,5228.1,no
30,student,single,high.school,no,no,no,cellular,mar,fri,268,5,10,2,failure,-1.8,92.843,-50,1.64,5099.1,yes
25,technician,single,professional.course,no,yes,no,cellular,nov,fri,712,2,19,1,success,-1.1,94.767,-50.8,1.04,4963.6,no
36,admin,married,university.degree,no,no,yes,telephone,may,thu,184,2,999,0,nonexistent,1.1,93.994,-36.4,4.86,5191,yes
49,bluecollar,married,basic.9y,unknown,no,no,telephone,may,fri,283,3,999,0,nonexistent,1.1,93.994,-36.4,4.859,5191,no
52,admin,married,high.school,no,no,no,cellular,nov,fri,165,1,999,1,failure,-0.1,93.2,-42,4.021,5195.8,yes
31,self-employed,divorced,university.degree,no,unknown,unknown,cellular,jul,thu,262,1,999,0,nonexistent,1.4,93.918,-42.7,4.958,5228.1,no
26,unemployed,single,university.degree,no,yes,no,cellular,aug,thu,203,1,3,3,success,-1.7,94.027,-38.3,0.904,4991.6,yes
56,admin,married,high.school,no,no,no,telephone,may,tue,242,1,999,0,nonexistent,1.1,93.994,-36.4,4.856,5191,no
37,entrepreneur,married,university.degree,no,yes,no,telephone,nov,fri,45,2,999,0,nonexistent,-0.1,93.2,-42,4.021,5195.8,yes
32,admin,single,university.degree,no,no,no,cellular,aug,tue,80,3,999,0,nonexistent,1.4,93.444,-36.1,4.963,5228.1,no
36,bluecollar,married,basic.9y,no,yes,no,cellular,may,wed,181,1,999,0,nonexistent,-1.8,92.893,-46.2,1.334,5099.1,yes
36,admin,married,high.school,no,yes,no,cellular,aug,fri,171,11,999,0,nonexistent,1.4,93.444,-36.1,4.964,5228.1,no
26,bluecollar,married,basic.9y,no,no,no,telephone,jun,mon,230,3,999,0,nonexistent,1.4,94.465,-41.8,4.865,5228.1,yes
48,bluecollar,married,basic.9y,no,no,no,cellular,may,thu,214,1,999,1,failure,-1.8,92.893,-46.2,1.266,5099.1,no
57,bluecollar,married,basic.4y,unknown,yes,no,telephone,may,thu,144,1,999,0,nonexistent,1.1,93.994,-36.4,4.86,5191,yes
45,bluecollar,married,basic.9y,no,yes,no,cellular,mar,tue,829,1,999,0,nonexistent,-1.8,92.843,-50,1.51,5099.1,no
46,technician,married,university.degree,no,yes,no,telephone,may,fri,170,4,999,0,nonexistent,1.1,93.994,-36.4,4.864,5191,yes
38,bluecollar,married,basic.6y,no,yes,no,telephone,jun,wed,362,1,999,0,nonexistent,1.4,94.465,-41.8,4.959,5228.1,no
24,self-employed,single,university.degree,no,yes,no,telephone,jun,wed,40,1,999,0,nonexistent,1.4,94.465,-41.8,4.959,5228.1,yes
38,technician,single,professional.course,no,yes,no,cellular,jul,tue,249,2,999,0,nonexistent,1.4,93.918,-42.7,4.961,5228.1,no
60,retired,married,university.degree,unknown,yes,no,telephone,may,tue,245,2,999,0,nonexistent,1.1,93.994,-36.4,4.857,5191,yes
44,services,divorced,basic.6y,no,yes,no,cellular,aug,wed,153,3,0,1,success,-1.7,94.027,-38.3,0.9,4991.6,no
32,bluecollar,married,basic.9y,unknown,no,no,telephone,jul,tue,89,5,999,0,nonexistent,1.4,93.918,-42.7,4.961,5228.1,yes
38,bluecollar,married,high.school,no,no,no,cellular,jul,fri,102,2,999,0,nonexistent,1.4,93.918,-42.7,4.962,5228.1,no
45,admin,married,high.school,no,no,no,telephone,may,wed,215,2,999,0,nonexistent,1.1,93.994,-36.4,4.857,5191,yes
44,bluecollar,single,basic.4y,no,yes,no,telephone,jun,tue,159,1,999,0,nonexistent,1.4,94.465,-41.8,4.864,5228.1,no
44,bluecollar,married,basic.6y,no,yes,no,cellular,may,thu,102,1,999,0,nonexistent,-1.8,92.893,-46.2,1.327,5099.1,yes
31,admin,single,university.degree,no,no,no,telephone,may,fri,239,2,999,0,nonexistent,1.1,93.994,-36.4,4.859,5191,no
32,bluecollar,married,basic.6y,no,no,no,telephone,jun,mon,147,2,999,0,nonexistent,1.4,94.465,-41.8,4.96,5228.1,yes
45,admin,married,university.degree,no,no,no,telephone,may,fri,134,2,999,0,nonexistent,1.1,93.994,-36.4,4.857,5191,no
40,technician,married,high.school,no,yes,no,cellular,may,tue,394,1,999,0,nonexistent,-1.8,92.893,-46.2,1.344,5099.1,yes
45,bluecollar,married,professional.course,no,no,no,cellular,aug,thu,398,1,999,0,nonexistent,1.4,93.444,-36.1,4.968,5228.1,no
44,technician,married,professional.course,no,no,no,telephone,jun,thu,171,1,999,0,nonexistent,1.4,94.465,-41.8,4.958,5228.1,yes
43,admin,single,high.school,no,no,no,cellular,nov,wed,1011,1,999,1,failure,-0.1,93.2,-42,4.12,5195.8,no
25,student,single,high.school,no,no,no,telephone,may,fri,97,1,999,0,nonexistent,1.1,93.994,-36.4,4.855,5191,yes
47,admin,married,university.degree,unknown,no,no,telephone,may,tue,202,1,999,0,nonexistent,1.1,93.994,-36.4,4.856,5191,no
39,admin,married,high.school,no,yes,no,telephone,jul,wed,128,1,999,0,nonexistent,1.4,93.918,-42.7,4.963,5228.1,yes
32,technician,married,university.degree,no,yes,no,telephone,may,wed,186,2,999,0,nonexistent,-1.8,92.893,-46.2,1.27,5099.1,no
41,technician,married,basic.9y,no,no,no,telephone,may,mon,180,2,999,0,nonexistent,1.1,93.994,-36.4,4.857,5191,yes
58,retired,married,basic.4y,no,yes,no,cellular,jul,tue,216,2,999,0,nonexistent,1.4,93.918,-42.7,4.961,5228.1,no
42,services,married,professional.course,no,yes,no,telephone,may,fri,149,1,999,0,nonexistent,1.1,93.994,-36.4,4.864,5191,yes
50,unknown,married,basic.4y,unknown,yes,no,cellular,jul,mon,511,3,999,0,nonexistent,1.4,93.918,-42.7,4.96,5228.1,no
42,management,married,university.degree,no,yes,yes,telephone,may,fri,123,1,999,0,nonexistent,1.1,93.994,-36.4,4.859,5191,yes
53,bluecollar,married,basic.4y,unknown,yes,no,telephone,aug,tue,1186,4,999,0,nonexistent,1.4,93.444,-36.1,4.968,5228.1,no
54,housemaid,divorced,university.degree,no,yes,yes,cellular,nov,thu,653,1,999,0,nonexistent,-0.1,93.2,-42,4.076,5195.8,yes
31,admin,married,high.school,no,no,yes,cellular,aug,mon,155,2,4,1,success,-2.9,92.201,-31.4,0.884,5076.2,no
50,housemaid,married,basic.9y,unknown,yes,yes,telephone,may,wed,125,1,999,0,nonexistent,1.1,93.994,-36.4,4.859,5191,yes
48,self-employed,divorced,high.school,no,yes,no,cellular,nov,mon,82,1,999,0,nonexistent,-0.1,93.2,-42,4.191,5195.8,no
30,technician,single,university.degree,no,no,yes,cellular,aug,mon,132,1,999,0,nonexistent,1.4,93.444,-36.1,4.965,5228.1,yes
43,technician,married,professional.course,no,no,no,telephone,jun,thu,119,2,999,0,nonexistent,1.4,94.465,-41.8,4.866,5228.1,no
36,bluecollar,married,basic.9y,no,no,yes,cellular,nov,mon,131,1,999,0,nonexistent,-0.1,93.2,-42,4.191,5195.8,yes
37,services,married,high.school,no,no,yes,cellular,jul,mon,264,5,999,0,nonexistent,1.4,93.918,-42.7,4.962,5228.1,no
55,admin,married,university.degree,no,yes,no,telephone,mar,thu,220,7,999,0,nonexistent,-1.8,93.369,-34.8,0.654,5008.7,yes
47,management,married,basic.9y,no,no,no,telephone,nov,mon,53,1,999,0,nonexistent,-0.1,93.2,-42,4.191,5195.8,no
54,technician,married,professional.course,unknown,yes,no,cellular,apr,mon,130,2,999,0,nonexistent,-1.8,93.075,-47.1,1.405,5099.1,yes
26,management,single,university.degree,no,no,no,cellular,sep,fri,351,2,999,0,nonexistent,-3.4,92.379,-29.8,0.803,5017.5,no
27,admin,single,professional.course,no,yes,no,cellular,jul,tue,483,2,999,0,nonexistent,1.4,93.918,-42.7,4.962,5228.1,yes
32,admin,single,university.degree,no,yes,no,cellular,aug,mon,340,3,999,0,nonexistent,1.4,93.444,-36.1,4.965,5228.1,no
43,housemaid,married,basic.4y,no,yes,no,cellular,jul,wed,402,1,999,0,nonexistent,1.4,93.918,-42.7,4.962,5228.1,yes
26,management,single,university.degree,no,no,no,cellular,mar,thu,139,1,999,0,nonexistent,-1.8,92.843,-50,1.65,5099.1,no
32,services,married,high.school,no,yes,yes,telephone,may,wed,383,2,999,0,nonexistent,1.1,93.994,-36.4,4.858,5191,yes
32,bluecollar,married,basic.6y,no,yes,no,telephone,may,fri,165,3,999,0,nonexistent,1.1,93.994,-36.4,4.857,5191,no
28,bluecollar,married,basic.9y,unknown,no,yes,telephone,jun,fri,17,5,999,0,nonexistent,1.4,94.465,-41.8,4.959,5228.1,yes
33,self-employed,single,university.degree,no,unknown,unknown,telephone,jun,thu,169,3,999,0,nonexistent,1.4,94.465,-41.8,4.866,5228.1,no
33,technician,single,professional.course,no,yes,no,cellular,may,wed,519,2,999,2,failure,-1.8,92.893,-46.2,1.334,5099.1,yes
42,technician,married,professional.course,no,yes,no,cellular,aug,wed,246,1,999,0,nonexistent,-2.9,92.201,-31.4,0.879,5076.2,no
53,services,married,basic.9y,unknown,yes,no,cellular,aug,mon,136,2,999,0,nonexistent,1.4,93.444,-36.1,4.97,5228.1,yes
70,retired,married,basic.4y,unknown,yes,no,cellular,aug,thu,320,1,999,0,nonexistent,-2.9,92.201,-31.4,0.883,5076.2,no
47,management,married,university.degree,no,yes,no,cellular,aug,thu,20,1,999,0,nonexistent,1.4,93.444,-36.1,4.968,5228.1,yes
43,bluecollar,married,high.school,no,yes,no,cellular,nov,mon,107,2,999,0,nonexistent,-0.1,93.2,-42,4.191,5195.8,no
51,bluecollar,married,basic.4y,unknown,yes,no,telephone,jul,wed,139,1,999,0,nonexistent,1.4,93.918,-42.7,4.962,5228.1,yes
34,housemaid,married,university.degree,no,yes,no,cellular,may,tue,58,1,999,0,nonexistent,-1.8,92.893,-46.2,1.266,5099.1,no
57,retired,unknown,basic.4y,no,yes,no,telephone,may,thu,171,10,999,0,nonexistent,1.1,93.994,-36.4,4.86,5191,yes
30,admin,single,professional.course,no,unknown,unknown,cellular,jun,thu,246,1,7,1,success,-2.9,92.963,-40.8,1.26,5076.2,no
41,technician,single,university.degree,no,yes,yes,cellular,jul,wed,184,1,999,0,nonexistent,1.4,93.918,-42.7,4.962,5228.1,yes
36,bluecollar,married,unknown,unknown,yes,yes,telephone,may,wed,161,3,999,0,nonexistent,1.1,93.994,-36.4,4.856,5191,no
37,admin,married,university.degree,unknown,yes,no,cellular,aug,mon,86,1,999,0,nonexistent,1.4,93.444,-36.1,4.965,5228.1,yes
28,student,single,university.degree,unknown,yes,no,telephone,may,mon,208,1,999,0,nonexistent,1.1,93.994,-36.4,4.857,5191,no
31,management,single,university.degree,no,yes,no,cellular,nov,wed,424,2,999,0,nonexistent,-0.1,93.2,-42,4.12,5195.8,yes
58,retired,married,basic.4y,unknown,no,no,cellular,jul,tue,307,1,999,0,nonexistent,1.4,93.918,-42.7,4.961,5228.1,no
54,admin,married,high.school,unknown,yes,no,telephone,jun,mon,490,12,999,0,nonexistent,1.4,94.465,-41.8,4.865,5228.1,yes
48,unemployed,married,professional.course,no,no,no,telephone,may,wed,360,1,6,1,success,-1.8,93.876,-40,0.682,5008.7,no
50,bluecollar,single,basic.9y,unknown,yes,yes,telephone,may,thu,184,1,999,0,nonexistent,1.1,93.994,-36.4,4.855,5191,yes
38,technician,single,university.degree,no,yes,no,telephone,may,tue,446,12,999,0,nonexistent,1.1,93.994,-36.4,4.856,5191,no
25,student,single,unknown,no,no,no,cellular,jun,mon,301,3,999,0,nonexistent,-2.9,92.963,-40.8,1.281,5076.2,yes
37,admin,married,high.school,no,no,no,cellular,may,fri,123,5,999,0,nonexistent,-1.8,92.893,-46.2,1.25,5099.1,no
31,technician,single,university.degree,no,no,yes,cellular,aug,tue,60,6,999,0,nonexistent,1.4,93.444,-36.1,4.963,5228.1,yes
28,admin,single,university.degree,no,no,no,cellular,jun,mon,114,1,999,0,nonexistent,-2.9,92.963,-40.8,1.26,5076.2,no
46,technician,married,professional.course,no,yes,no,cellular,nov,mon,78,1,999,0,nonexistent,-0.1,93.2,-42,4.191,5195.8,yes
31,bluecollar,married,basic.6y,no,yes,yes,telephone,jun,tue,105,1,999,0,nonexistent,1.4,94.465,-41.8,4.961,5228.1,no
31,management,married,high.school,no,yes,yes,telephone,jun,tue,343,2,999,0,nonexistent,1.4,94.465,-41.8,4.961,5228.1,yes
30,admin,single,university.degree,no,yes,no,cellular,jul,thu,39,2,999,0,nonexistent,1.4,93.918,-42.7,4.962,5228.1,no
35,admin,single,university.degree,no,yes,no,cellular,nov,thu,633,2,999,0,nonexistent,-0.1,93.2,-42,4.076,5195.8,yes
30,technician,married,university.degree,no,yes,no,telephone,may,tue,683,2,999,0,nonexistent,1.1,93.994,-36.4,4.856,5191,no
36,bluecollar,married,basic.9y,no,unknown,unknown,telephone,jun,tue,30,3,999,0,nonexistent,1.4,94.465,-41.8,4.961,5228.1,yes
34,admin,married,university.degree,unknown,no,no,telephone,may,thu,134,1,999,0,nonexistent,1.1,93.994,-36.4,4.855,5191,no
32,technician,married,professional.course,no,no,yes,cellular,jul,wed,183,1,999,0,nonexistent,1.4,93.918,-42.7,4.963,5228.1,yes
43,management,married,university.degree,no,no,no,cellular,nov,wed,382,2,999,0,nonexistent,-0.1,93.2,-42,4.12,5195.8,no
57,bluecollar,married,basic.4y,no,no,no,telephone,jun,fri,19,4,999,0,nonexistent,1.4,94.465,-41.8,4.959,5228.1,yes
41,unemployed,divorced,professional.course,no,unknown,unknown,cellular,aug,tue,271,3,999,0,nonexistent,1.4,93.444,-36.1,4.965,5228.1,no
34,bluecollar,married,basic.4y,unknown,no,yes,telephone,jun,tue,276,2,999,0,nonexistent,1.4,94.465,-41.8,4.864,5228.1,yes
32,technician,married,professional.course,no,no,no,cellular,apr,mon,688,2,999,0,nonexistent,-1.8,93.749,-34.6,0.645,5008.7,no
33,admin,single,professional.course,no,yes,no,cellular,may,mon,1340,1,999,0,nonexistent,-1.8,92.893,-46.2,1.244,5099.1,yes
46,management,single,university.degree,no,yes,no,cellular,jul,mon,93,1,999,0,nonexistent,1.4,93.918,-42.7,4.96,5228.1,no
80,retired,married,basic.4y,no,no,no,cellular,mar,fri,213,3,6,4,success,-1.8,93.369,-34.8,0.649,5008.7,yes
45,bluecollar,married,basic.4y,unknown,yes,no,telephone,may,tue,243,2,999,0,nonexistent,1.1,93.994,-36.4,4.857,5191,no
41,bluecollar,married,basic.6y,no,yes,yes,telephone,nov,tue,137,1,999,0,nonexistent,-0.1,93.2,-42,4.153,5195.8,yes
49,admin,married,high.school,unknown,yes,no,cellular,aug,thu,82,1,999,0,nonexistent,1.4,93.444,-36.1,4.968,5228.1,no
50,management,married,high.school,unknown,no,yes,telephone,may,fri,223,3,999,0,nonexistent,1.1,93.994,-36.4,4.859,5191,yes
34,entrepreneur,married,basic.4y,no,yes,no,telephone,may,fri,233,1,999,0,nonexistent,1.1,93.994,-36.4,4.864,5191,no
47,management,married,university.degree,no,yes,no,cellular,aug,mon,145,3,3,2,success,-1.7,94.027,-38.3,0.904,4991.6,yes
47,services,married,high.school,no,no,no,cellular,aug,fri,130,1,999,0,nonexistent,1.4,93.444,-36.1,4.966,5228.1,no
55,bluecollar,married,basic.6y,unknown,no,no,cellular,jul,tue,232,4,999,0,nonexistent,1.4,93.918,-42.7,4.961,5228.1,yes
46,bluecollar,married,basic.6y,unknown,yes,no,telephone,may,wed,196,2,999,0,nonexistent,1.1,93.994,-36.4,4.856,5191,no
24,student,single,high.school,no,yes,no,cellular,apr,thu,88,1,999,0,nonexistent,-1.8,93.075,-47.1,1.365,5099.1,yes
32,bluecollar,single,basic.4y,no,yes,no,cellular,jul,tue,145,12,999,0,nonexistent,1.4,93.918,-42.7,4.962,5228.1,no
31,bluecollar,married,high.school,no,no,no,cellular,jul,wed,248,2,999,0,nonexistent,1.4,93.918,-42.7,4.963,5228.1,yes
31,bluecollar,married,basic.9y,no,yes,yes,telephone,may,wed,248,1,999,0,nonexistent,1.1,93.994,-36.4,4.859,5191,no
29,entrepreneur,married,high.school,no,yes,no,cellular,jul,fri,668,2,999,0,nonexistent,1.4,93.918,-42.7,4.959,5228.1,yes
48,bluecollar,married,basic.4y,no,no,no,cellular,may,mon,420,7,999,1,failure,-1.8,92.893,-46.2,1.244,5099.1,no
33,admin,married,high.school,no,yes,no,cellular,nov,tue,125,2,999,0,nonexistent,-0.1,93.2,-42,4.153,5195.8,yes
43,technician,married,university.degree,no,no,no,cellular,nov,fri,24,9,999,0,nonexistent,-0.1,93.2,-42,4.021,5195.8,no
29,services,single,high.school,no,no,no,telephone,may,mon,207,1,999,0,nonexistent,1.1,93.994,-36.4,4.857,5191,yes
47,bluecollar,married,basic.4y,no,yes,no,cellular,jul,mon,82,4,999,0,nonexistent,1.4,93.918,-42.7,4.962,5228.1,no
47,management,married,university.degree,no,yes,no,cellular,aug,tue,133,8,999,0,nonexistent,1.4,93.444,-36.1,4.965,5228.1,yes
33,admin,married,basic.9y,no,no,no,telephone,may,mon,511,1,999,0,nonexistent,1.1,93.994,-36.4,4.857,5191,no
56,entrepreneur,married,university.degree,no,yes,no,cellular,apr,thu,472,1,999,0,nonexistent,-1.8,93.075,-47.1,1.365,5099.1,yes
33,technician,married,university.degree,unknown,yes,no,cellular,aug,tue,153,1,999,0,nonexistent,1.4,93.444,-36.1,4.963,5228.1,no
30,bluecollar,single,basic.4y,unknown,yes,yes,telephone,may,thu,331,4,999,0,nonexistent,1.1,93.994,-36.4,4.86,5191,yes
36,management,married,university.degree,no,no,no,telephone,jun,thu,22,1,999,0,nonexistent,1.4,94.465,-41.8,4.866,5228.1,no
50,bluecollar,married,basic.9y,unknown,yes,no,cellular,aug,mon,36,1,999,0,nonexistent,1.4,93.444,-36.1,4.97,5228.1,yes
45,technician,married,high.school,no,yes,no,cellular,jul,tue,88,5,999,0,nonexistent,1.4,93.918,-42.7,4.961,5228.1,no
38,admin,single,high.school,no,yes,no,cellular,apr,thu,882,1,6,1,success,-1.8,93.749,-34.6,0.659,5008.7,yes
31,unemployed,single,high.school,no,no,no,cellular,may,thu,339,2,999,0,nonexistent,-1.8,93.876,-40,0.692,5008.7,no
30,technician,married,professional.course,no,yes,yes,cellular,jul,fri,292,2,999,0,nonexistent,1.4,93.918,-42.7,4.957,5228.1,yes
39,services,married,high.school,no,yes,no,cellular,jul,thu,543,29,999,0,nonexistent,1.4,93.918,-42.7,4.968,5228.1,no
37,bluecollar,married,basic.9y,no,no,no,telephone,jun,wed,203,2,999,0,nonexistent,1.4,94.465,-41.8,4.959,5228.1,yes
45,management,married,unknown,no,yes,no,cellular,apr,tue,379,3,7,1,success,-1.8,93.749,-34.6,0.642,5008.7,no
36,bluecollar,single,basic.9y,unknown,no,no,telephone,may,tue,201,2,999,0,nonexistent,1.1,93.994,-36.4,4.857,5191,yes
22,bluecollar,married,professional.course,no,yes,no,cellular,jul,fri,161,4,999,0,nonexistent,1.4,93.918,-42.7,4.963,5228.1,no
33,entrepreneur,married,university.degree,no,yes,no,telephone,may,mon,130,3,999,0,nonexistent,1.1,93.994,-36.4,4.857,5191,yes
37,technician,single,high.school,no,yes,no,telephone,apr,thu,201,1,999,0,nonexistent,-1.8,93.075,-47.1,1.406,5099.1,no
38,management,married,university.degree,no,yes,yes,cellular,jul,thu,68,2,999,0,nonexistent,1.4,93.918,-42.7,4.958,5228.1,yes
53,admin,married,high.school,no,yes,no,telephone,may,tue,520,1,999,0,nonexistent,1.1,93.994,-36.4,4.856,5191,no
31,technician,married,university.degree,no,yes,no,cellular,aug,thu,515,1,999,0,nonexistent,1.4,93.444,-36.1,4.964,5228.1,yes
44,management,married,university.degree,no,no,no,cellular,aug,tue,175,2,999,2,failure,-2.9,92.201,-31.4,0.883,5076.2,no
31,services,married,high.school,no,no,no,telephone,may,wed,636,6,999,0,nonexistent,1.1,93.994,-36.4,4.859,5191,yes
43,admin,married,university.degree,unknown,yes,no,cellular,aug,tue,1332,1,999,0,nonexistent,1.4,93.444,-36.1,4.968,5228.1,no
30,bluecollar,single,basic.9y,unknown,no,no,telephone,jun,fri,10,8,999,0,nonexistent,1.4,94.465,-41.8,4.959,5228.1,yes
47,housemaid,single,basic.4y,no,no,no,telephone,jun,tue,241,1,999,0,nonexistent,1.4,94.465,-41.8,4.961,5228.1,no
28,bluecollar,married,basic.4y,no,yes,no,cellular,jul,thu,1820,4,999,0,nonexistent,1.4,93.918,-42.7,4.962,5228.1,yes
33,unemployed,married,high.school,no,yes,no,cellular,may,mon,74,1,999,1,failure,-1.8,92.893,-46.2,1.264,5099.1,no
42,admin,married,university.degree,no,yes,no,cellular,aug,tue,1311,2,999,0,nonexistent,1.4,93.444,-36.1,4.968,5228.1,yes
45,services,married,high.school,unknown,no,no,telephone,jun,tue,559,7,999,0,nonexistent,1.4,94.465,-41.8,4.864,5228.1,no
32,services,married,high.school,no,no,no,cellular,may,mon,161,2,999,0,nonexistent,-1.8,92.893,-46.2,1.299,5099.1,yes
41,management,married,high.school,no,no,yes,telephone,may,tue,129,2,999,0,nonexistent,1.1,93.994,-36.4,4.856,5191,no
50,bluecollar,married,basic.9y,no,yes,no,cellular,apr,thu,1365,2,999,1,failure,-1.8,93.075,-47.1,1.41,5099.1,yes
42,bluecollar,married,basic.4y,unknown,no,no,telephone,may,wed,332,2,999,0,nonexistent,1.1,93.994,-36.4,4.856,5191,no
45,bluecollar,single,basic.4y,unknown,yes,yes,cellular,jul,tue,21,3,999,0,nonexistent,1.4,93.918,-42.7,4.961,5228.1,yes
52,entrepreneur,married,basic.9y,no,yes,yes,telephone,may,fri,390,2,999,0,nonexistent,1.1,93.994,-36.4,4.864,5191,no
49,bluecollar,married,basic.6y,no,yes,no,telephone,may,fri,1980,2,999,0,nonexistent,1.1,93.994,-36.4,4.864,5191,yes
39,management,married,unknown,no,no,no,cellular,nov,thu,352,1,999,0,nonexistent,-0.1,93.2,-42,4.076,5195.8,no
20,bluecollar,single,high.school,no,yes,no,cellular,may,wed,410,1,999,0,nonexistent,-1.8,92.893,-46.2,1.334,5099.1,yes
36,entrepreneur,married,university.degree,no,no,yes,telephone,may,fri,180,1,999,0,nonexistent,1.1,93.994,-36.4,4.855,5191,no
44,services,divorced,high.school,no,yes,yes,cellular,apr,tue,895,1,999,0,nonexistent,-1.8,93.075,-47.1,1.453,5099.1,yes
34,technician,divorced,professional.course,no,yes,no,cellular,may,fri,1190,2,999,0,nonexistent,-1.8,92.893,-46.2,1.25,5099.1,no
67,self-employed,married,university.degree,no,yes,no,cellular,nov,tue,68,4,999,1,failure,-3.4,92.649,-30.1,0.72,5017.5,yes
42,admin,married,university.degree,no,yes,no,cellular,aug,wed,71,1,999,0,nonexistent,1.4,93.444,-36.1,4.965,5228.1,no
41,self-employed,single,university.degree,no,yes,no,telephone,may,wed,318,2,999,0,nonexistent,1.1,93.994,-36.4,4.859,5191,yes
37,technician,single,university.degree,no,yes,no,cellular,may,tue,322,1,999,1,failure,-1.8,92.893,-46.2,1.291,5099.1,no
35,unknown,single,basic.4y,unknown,no,no,telephone,may,fri,121,4,999,0,nonexistent,1.1,93.994,-36.4,4.855,5191,yes
34,entrepreneur,married,university.degree,no,yes,no,cellular,nov,thu,69,1,999,1,failure,-0.1,93.2,-42,4.076,5195.8,no
48,management,married,university.degree,no,no,no,cellular,aug,tue,115,2,999,0,nonexistent,1.4,93.444,-36.1,4.963,5228.1,yes
46,admin,single,high.school,no,no,no,cellular,jul,wed,251,3,999,0,nonexistent,1.4,93.918,-42.7,4.963,5228.1,no
57,admin,divorced,high.school,no,no,no,telephone,may,fri,162,1,999,0,nonexistent,1.1,93.994,-36.4,4.857,5191,yes
54,housemaid,married,basic.4y,no,yes,no,cellular,aug,tue,133,2,999,0,nonexistent,1.4,93.444,-36.1,4.963,5228.1,no
34,admin,married,basic.9y,no,yes,no,telephone,jun,mon,252,3,999,0,nonexistent,1.4,94.465,-41.8,4.961,5228.1,yes
29,technician,single,high.school,no,no,no,cellular,nov,tue,155,2,999,0,nonexistent,-0.1,93.2,-42,4.153,5195.8,no
38,bluecollar,married,basic.9y,no,yes,no,cellular,apr,thu,218,1,999,0,nonexistent,-1.8,93.075,-47.1,1.41,5099.1,yes
27,student,single,high.school,no,yes,no,cellular,may,thu,101,1,999,1,failure,-1.8,92.893,-46.2,1.327,5099.1,no
42,bluecollar,married,basic.6y,unknown,yes,no,cellular,may,wed,458,3,999,0,nonexistent,-1.8,92.893,-46.2,1.334,5099.1,yes
35,technician,divorced,professional.course,no,yes,no,telephone,jun,thu,312,2,999,0,nonexistent,1.4,94.465,-41.8,4.958,5228.1,no
40,entrepreneur,married,professional.course,unknown,yes,no,cellular,apr,thu,176,1,999,1,failure,-1.8,93.075,-47.1,1.41,5099.1,yes
44,admin,single,university.degree,no,yes,no,telephone,may,mon,158,7,999,0,nonexistent,1.1,93.994,-36.4,4.857,5191,no
33,admin,single,university.degree,no,no,no,cellular,aug,wed,316,4,999,0,nonexistent,1.4,93.444,-36.1,4.964,5228.1,yes
54,bluecollar,married,basic.9y,no,yes,yes,cellular,nov,wed,101,1,999,0,nonexistent,-3.4,92.649,-30.1,0.719,5017.5,no
32,technician,married,high.school,no,yes,no,cellular,aug,tue,160,3,999,0,nonexistent,1.4,93.444,-36.1,4.963,5228.1,yes
47,admin,single,university.degree,no,yes,no,cellular,aug,thu,156,4,999,0,nonexistent,1.4,93.444,-36.1,4.968,5228.1,no
40,admin,single,high.school,no,yes,no,telephone,may,wed,222,2,999,0,nonexistent,1.1,93.994,-36.4,4.859,5191,yes
30,admin,married,university.degree,no,yes,yes,cellular,may,mon,742,4,999,0,nonexistent,-1.8,92.893,-46.2,1.354,5099.1,no
28,technician,single,professional.course,no,yes,no,cellular,jul,tue,167,2,6,1,success,-1.7,94.215,-40.3,0.893,4991.6,yes
40,entrepreneur,married,basic.4y,no,yes,yes,cellular,nov,wed,322,3,999,0,nonexistent,-0.1,93.2,-42,4.12,5195.8,no
39,bluecollar,married,basic.4y,no,yes,no,cellular,apr,fri,156,2,999,0,nonexistent,-1.8,93.075,-47.1,1.405,5099.1,yes
27,technician,single,high.school,no,yes,no,cellular,jul,fri,784,1,999,0,nonexistent,1.4,93.918,-42.7,4.962,5228.1,no
51,housemaid,married,basic.4y,unknown,no,no,cellular,aug,fri,253,1,999,0,nonexistent,1.4,93.444,-36.1,4.966,5228.1,yes
39,admin,divorced,professional.course,no,yes,yes,telephone,jun,thu,106,1,999,0,nonexistent,1.4,94.465,-41.8,4.958,5228.1,no
46,admin,married,university.degree,no,yes,no,cellular,aug,thu,164,1,999,0,nonexistent,-2.9,92.201,-31.4,0.873,5076.2,yes
49,unemployed,married,high.school,unknown,no,no,cellular,nov,fri,671,2,999,0,nonexistent,-0.1,93.2,-42,4.021,5195.8,no
47,admin,married,university.degree,no,yes,no,cellular,nov,fri,59,3,999,0,nonexistent,-0.1,93.2,-42,4.021,5195.8,yes
32,admin,divorced,university.degree,no,no,no,telephone,may,wed,315,2,999,0,nonexistent,1.1,93.994,-36.4,4.857,5191,no
35,entrepreneur,married,high.school,no,yes,no,cellular,nov,mon,131,2,999,0,nonexistent,-0.1,93.2,-42,4.191,5195.8,yes
27,admin,single,high.school,no,yes,yes,cellular,may,wed,177,4,999,0,nonexistent,-1.8,92.893,-46.2,1.281,5099.1,no
42,bluecollar,married,basic.9y,no,no,no,cellular,apr,thu,55,4,999,0,nonexistent,-1.8,93.075,-47.1,1.41,5099.1,yes
35,technician,married,university.degree,unknown,no,no,cellular,aug,thu,246,1,999,0,nonexistent,1.4,93.444,-36.1,4.963,5228.1,no
37,technician,single,university.degree,no,no,no,telephone,jun,mon,182,2,999,0,nonexistent,1.4,94.465,-41.8,4.96,5228.1,yes
48,bluecollar,married,basic.4y,no,no,yes,cellular,may,wed,170,1,999,0,nonexistent,-1.8,92.893,-46.2,1.334,5099.1,no
29,unemployed,single,university.degree,no,no,no,telephone,may,thu,297,1,999,0,nonexistent,1.1,93.994,-36.4,4.86,5191,yes
50,management,married,university.degree,no,yes,yes,cellular,apr,fri,206,1,999,0,nonexistent,-1.8,93.075,-47.1,1.405,5099.1,no
30,bluecollar,single,university.degree,no,no,no,telephone,may,fri,245,4,999,0,nonexistent,1.1,93.994,-36.4,4.857,5191,yes
58,self-employed,divorced,university.degree,no,yes,no,cellular,jul,thu,548,1,999,0,nonexistent,1.4,93.918,-42.7,4.968,5228.1,no
52,bluecollar,married,basic.9y,no,no,yes,cellular,aug,fri,112,1,999,0,nonexistent,1.4,93.444,-36.1,4.963,5228.1,yes
32,entrepreneur,married,university.degree,no,yes,yes,telephone,nov,mon,249,1,999,1,failure,-0.1,93.2,-42,4.191,5195.8,no
55,retired,married,basic.6y,unknown,yes,yes,cellular,jul,tue,632,2,999,0,nonexistent,1.4,93.918,-42.7,4.962,5228.1,yes
49,technician,married,professional.course,unknown,yes,no,telephone,jul,thu,219,12,999,0,nonexistent,1.4,93.918,-42.7,4.968,5228.1,no
35,admin,single,university.degree,no,no,no,cellular,jul,fri,14,1,999,0,nonexistent,1.4,93.918,-42.7,4.957,5228.1,yes
41,bluecollar,divorced,basic.6y,no,yes,no,telephone,may,fri,160,2,999,0,nonexistent,1.1,93.994,-36.4,4.857,5191,no
44,bluecollar,married,basic.6y,no,no,yes,cellular,may,thu,244,2,999,0,nonexistent,-1.8,92.893,-46.2,1.327,5099.1,yes
35,technician,married,professional.course,no,no,no,cellular,nov,wed,427,3,999,0,nonexistent,-0.1,93.2,-42,4.12,5195.8,no
44,admin,married,university.degree,no,no,no,cellular,aug,tue,102,1,999,0,nonexistent,1.4,93.444,-36.1,4.965,5228.1,yes
27,technician,single,basic.9y,no,yes,no,cellular,apr,wed,131,1,999,0,nonexistent,-1.8,93.075,-47.1,1.445,5099.1,no
35,self-employed,married,university.degree,no,yes,no,cellular,jun,thu,269,1,999,0,nonexistent,-2.9,92.963,-40.8,1.26,5076.2,yes
33,admin,single,university.degree,no,yes,no,cellular,nov,wed,101,2,999,1,failure,-0.1,93.2,-42,4.12,5195.8,no
35,admin,married,high.school,no,yes,no,cellular,may,fri,121,1,999,0,nonexistent,-1.8,92.893,-46.2,1.259,5099.1,yes
32,management,single,university.degree,no,no,no,cellular,jul,fri,221,4,16,1,success,-1.7,94.215,-40.3,0.896,4991.6,no
39,entrepreneur,single,university.degree,no,yes,no,telephone,may,thu,43,9,999,0,nonexistent,1.1,93.994,-36.4,4.86,5191,yes
53,bluecollar,married,high.school,unknown,yes,yes,cellular,apr,mon,62,4,999,0,nonexistent,-1.8,93.075,-47.1,1.405,5099.1,no
26,admin,single,high.school,no,no,no,cellular,jul,fri,134,3,999,0,nonexistent,1.4,93.918,-42.7,4.957,5228.1,yes
25,self-employed,single,university.degree,no,no,no,telephone,jun,mon,178,7,999,0,nonexistent,1.4,94.465,-41.8,4.96,5228.1,no
39,bluecollar,married,basic.9y,no,no,no,telephone,may,tue,302,1,999,0,nonexistent,1.1,93.994,-36.4,4.856,5191,yes
33,admin,married,university.degree,unknown,yes,yes,cellular,aug,thu,259,2,999,0,nonexistent,1.4,93.444,-36.1,4.968,5228.1,no
63,management,married,basic.4y,unknown,yes,no,cellular,nov,tue,131,4,999,2,failure,-3.4,92.649,-30.1,0.715,5017.5,yes
59,retired,married,basic.4y,no,no,yes,telephone,jul,thu,22,3,999,0,nonexistent,1.4,93.918,-42.7,4.968,5228.1,no
52,self-employed,single,professional.course,no,no,yes,cellular,nov,thu,139,1,999,0,nonexistent,-0.1,93.2,-42,4.076,5195.8,yes
25,bluecollar,single,basic.9y,no,yes,yes,cellular,jul,wed,322,2,999,0,nonexistent,1.4,93.918,-42.7,4.963,5228.1,no
29,bluecollar,married,basic.9y,no,no,no,cellular,may,wed,54,1,6,1,success,-1.8,92.893,-46.2,1.281,5099.1,yes
48,entrepreneur,married,basic.9y,unknown,no,no,cellular,may,wed,487,2,999,0,nonexistent,-1.8,92.893,-46.2,1.334,5099.1,no
35,admin,married,university.degree,no,yes,no,cellular,may,wed,376,2,999,1,failure,-1.8,92.893,-46.2,1.334,5099.1,yes
39,technician,married,professional.course,no,yes,no,cellular,jul,thu,202,1,999,1,failure,-1.7,94.215,-40.3,0.81,4991.6,no
31,admin,single,university.degree,no,no,no,telephone,may,fri,162,1,999,0,nonexistent,1.1,93.994,-36.4,4.857,5191,yes
28,bluecollar,single,professional.course,no,yes,no,cellular,may,mon,113,1,999,0,nonexistent,-1.8,92.893,-46.2,1.244,5099.1,no
40,self-employed,married,high.school,no,no,no,cellular,jul,mon,521,1,999,0,nonexistent,1.4,93.918,-42.7,4.96,5228.1,yes
39,admin,married,university.degree,no,no,no,telephone,jun,mon,69,3,999,0,nonexistent,1.4,94.465,-41.8,4.96,5228.1,no
41,bluecollar,married,basic.4y,no,yes,no,telephone,jul,tue,281,3,999,0,nonexistent,1.4,93.918,-42.7,4.955,5228.1,yes
39,housemaid,married,professional.course,no,yes,no,cellular,aug,fri,80,1,999,0,nonexistent,1.4,93.444,-36.1,4.964,5228.1,no
30,self-employed,married,professional.course,no,yes,no,cellular,may,tue,98,5,999,0,nonexistent,-1.8,92.893,-46.2,1.291,5099.1,yes
40,management,married,basic.9y,no,yes,yes,telephone,jun,fri,162,1,999,0,nonexistent,1.4,94.465,-41.8,4.947,5228.1,no
32,technician,married,professional.course,no,yes,yes,cellular,jul,mon,330,4,999,0,nonexistent,1.4,93.918,-42.7,4.962,5228.1,yes
37,admin,divorced,university.degree,no,yes,yes,cellular,aug,tue,211,2,999,0,nonexistent,1.4,93.444,-36.1,4.968,5228.1,no
52,admin,married,university.degree,no,no,no,cellular,may,thu,195,1,999,0,nonexistent,-1.8,93.876,-40,0.677,5008.7,yes
28,student,single,basic.9y,no,yes,no,cellular,mar,tue,156,1,999,0,nonexistent,-1.8,92.843,-50,1.799,5099.1,no
43,bluecollar,married,high.school,no,yes,no,telephone,may,wed,294,1,999,0,nonexistent,1.1,93.994,-36.4,4.856,5191,yes
31,admin,single,university.degree,unknown,yes,no,cellular,aug,tue,112,1,999,0,nonexistent,1.4,93.444,-36.1,4.963,5228.1,no
45,housemaid,divorced,university.degree,no,no,no,telephone,may,tue,834,6,999,0,nonexistent,1.1,93.994,-36.4,4.856,5191,yes
47,bluecollar,divorced,basic.4y,no,yes,no,cellular,aug,mon,149,7,999,0,nonexistent,1.4,93.444,-36.1,4.965,5228.1,no
58,admin,divorced,university.degree,no,yes,no,telephone,may,wed,244,1,999,0,nonexistent,1.1,93.994,-36.4,4.858,5191,yes
33,technician,single,high.school,no,yes,no,cellular,jul,fri,270,1,999,0,nonexistent,1.4,93.918,-42.7,4.962,5228.1,no
28,bluecollar,single,university.degree,unknown,no,no,cellular,may,wed,169,2,999,0,nonexistent,-1.8,92.893,-46.2,1.281,5099.1,yes
47,admin,married,university.degree,unknown,no,no,telephone,jun,thu,252,2,999,0,nonexistent,1.4,94.465,-41.8,4.961,5228.1,no
38,bluecollar,single,high.school,no,no,no,telephone,mar,tue,450,3,6,2,success,-1.8,93.369,-34.8,0.652,5008.7,yes
60,management,married,university.degree,no,yes,no,telephone,jun,thu,89,2,999,0,nonexistent,1.4,94.465,-41.8,4.961,5228.1,no
28,admin,single,university.degree,no,yes,no,telephone,may,fri,1128,3,999,0,nonexistent,1.1,93.994,-36.4,4.859,5191,yes
33,self-employed,single,university.degree,no,yes,no,cellular,mar,mon,265,2,999,0,nonexistent,-1.8,93.369,-34.8,0.652,5008.7,no
41,entrepreneur,divorced,basic.9y,no,yes,yes,cellular,jul,thu,219,1,999,0,nonexistent,1.4,93.918,-42.7,4.958,5228.1,yes
33,student,single,unknown,no,yes,yes,cellular,aug,tue,203,1,999,0,nonexistent,-2.9,92.201,-31.4,0.883,5076.2,no
41,management,married,high.school,unknown,yes,no,cellular,may,tue,527,2,999,0,nonexistent,-1.8,92.893,-46.2,1.291,5099.1,yes
30,student,single,unknown,no,yes,no,cellular,apr,wed,176,1,999,0,nonexistent,-1.8,93.075,-47.1,1.405,5099.1,no
54,self-employed,divorced,high.school,unknown,no,no,telephone,jul,mon,178,4,999,0,nonexistent,1.4,93.918,-42.7,4.962,5228.1,yes
46,technician,single,professional.course,no,no,no,cellular,aug,thu,128,1,999,0,nonexistent,1.4,93.444,-36.1,4.968,5228.1,no
32,bluecollar,married,high.school,no,no,no,cellular,jul,wed,259,2,999,0,nonexistent,1.4,93.918,-42.7,4.963,5228.1,yes
42,technician,single,university.degree,no,yes,no,cellular,may,mon,33,2,999,0,nonexistent,-1.8,92.893,-46.2,1.244,5099.1,no
29,admin,single,university.degree,no,no,no,cellular,oct,mon,87,2,999,1,failure,-3.4,92.431,-26.9,0.731,5017.5,yes
41,bluecollar,married,unknown,unknown,no,no,cellular,jul,wed,516,4,999,0,nonexistent,1.4,93.918,-42.7,4.957,5228.1,no
24,bluecollar,single,basic.6y,no,no,no,telephone,jul,wed,115,1,999,0,nonexistent,1.4,93.918,-42.7,4.963,5228.1,yes
44,technician,divorced,unknown,no,no,no,telephone,jul,tue,222,3,999,0,nonexistent,1.4,93.918,-42.7,4.961,5228.1,no
58,retired,married,basic.4y,no,yes,no,cellular,jun,tue,79,2,999,0,nonexistent,-2.9,92.963,-40.8,1.252,5076.2,yes
31,admin,married,high.school,no,no,yes,telephone,may,thu,349,2,999,0,nonexistent,1.1,93.994,-36.4,4.86,5191,no
34,services,single,basic.9y,no,no,no,cellular,may,wed,308,1,999,0,nonexistent,-1.8,92.893,-46.2,1.281,5099.1,yes
44,admin,married,high.school,no,yes,no,cellular,jul,wed,97,1,999,0,nonexistent,1.4,93.918,-42.7,4.962,5228.1,no
59,bluecollar,married,basic.4y,no,no,no,cellular,may,thu,190,2,999,1,failure,-1.8,92.893,-46.2,1.327,5099.1,yes
34,technician,single,university.degree,no,no,no,telephone,aug,thu,214,2,999,0,nonexistent,1.4,93.444,-36.1,4.964,5228.1,no
48,management,married,university.degree,no,yes,no,cellular,nov,mon,112,1,4,1,success,-0.1,93.2,-42,4.191,5195.8,yes
47,admin,single,university.degree,no,no,no,cellular,nov,tue,193,1,999,0,nonexistent,-3.4,92.649,-30.1,0.72,5017.5,no
54,housemaid,married,basic.4y,unknown,no,no,cellular,jul,tue,164,4,999,0,nonexistent,1.4,93.918,-42.7,4.961,5228.1,yes
44,bluecollar,married,high.school,unknown,yes,no,cellular,apr,thu,253,1,999,1,failure,-1.8,93.075,-47.1,1.41,5099.1,no
31,management,single,university.degree,unknown,yes,no,telephone,jun,fri,15,4,999,0,nonexistent,1.4,94.465,-41.8,4.959,5228.1,yes
34,bluecollar,married,professional.course,no,yes,no,telephone,may,mon,210,2,999,0,nonexistent,1.1,93.994,-36.4,4.858,5191,no
29,technician,single,basic.9y,no,unknown,unknown,telephone,apr,mon,116,1,999,0,nonexistent,-1.8,93.075,-47.1,1.405,5099.1,yes
38,technician,single,university.degree,no,yes,yes,telephone,may,thu,245,3,999,0,nonexistent,1.1,93.994,-36.4,4.86,5191,no
56,admin,married,unknown,no,yes,no,telephone,jun,tue,87,2,999,0,nonexistent,1.4,94.465,-41.8,4.961,5228.1,yes
26,technician,single,professional.course,no,yes,no,cellular,apr,fri,362,2,999,1,failure,-1.8,93.075,-47.1,1.405,5099.1,no
31,technician,divorced,high.school,no,no,no,cellular,aug,fri,129,3,999,0,nonexistent,1.4,93.444,-36.1,4.964,5228.1,yes
31,admin,single,university.degree,no,yes,no,telephone,jun,tue,116,1,999,0,nonexistent,1.4,94.465,-41.8,4.864,5228.1,no
57,bluecollar,married,basic.4y,no,no,no,cellular,aug,thu,134,9,999,0,nonexistent,1.4,93.444,-36.1,4.963,5228.1,yes
36,bluecollar,married,basic.9y,no,no,yes,cellular,jul,fri,118,3,999,0,nonexistent,1.4,93.918,-42.7,4.957,5228.1,no
43,unemployed,married,university.degree,unknown,unknown,unknown,telephone,may,tue,87,2,999,0,nonexistent,1.1,93.994,-36.4,4.857,5191,yes
46,self-employed,married,basic.9y,unknown,yes,yes,telephone,may,mon,140,1,999,0,nonexistent,1.1,93.994,-36.4,4.857,5191,no
24,student,single,unknown,no,yes,no,cellular,sep,wed,222,1,17,4,failure,-1.1,94.199,-37.5,0.886,4963.6,yes
37,bluecollar,single,professional.course,no,no,no,cellular,may,mon,54,1,999,0,nonexistent,-1.8,92.893,-46.2,1.264,5099.1,no
33,technician,married,professional.course,no,yes,no,telephone,aug,fri,58,1,999,0,nonexistent,1.4,93.444,-36.1,4.963,5228.1,yes
41,technician,single,high.school,no,yes,no,cellular,aug,wed,88,3,999,0,nonexistent,1.4,93.444,-36.1,4.964,5228.1,no
53,housemaid,married,basic.4y,unknown,no,no,telephone,may,mon,245,3,999,0,nonexistent,1.1,93.994,-36.4,4.857,5191,yes
51,admin,divorced,high.school,no,yes,no,cellular,aug,tue,133,1,999,1,failure,-2.9,92.201,-31.4,0.838,5076.2,no
36,housemaid,divorced,university.degree,no,no,no,telephone,may,thu,767,5,999,0,nonexistent,1.1,93.994,-36.4,4.855,5191,yes
47,admin,married,university.degree,no,yes,no,cellular,aug,wed,38,3,999,0,nonexistent,1.4,93.444,-36.1,4.964,5228.1,no
44,technician,divorced,professional.course,no,yes,no,cellular,may,thu,245,3,999,0,nonexistent,-1.8,92.893,-46.2,1.327,5099.1,yes
45,services,married,professional.course,no,yes,yes,cellular,jul,mon,307,1,999,0,nonexistent,1.4,93.918,-42.7,4.962,5228.1,no
38,bluecollar,married,high.school,no,no,no,telephone,apr,mon,340,1,999,0,nonexistent,-1.8,93.075,-47.1,1.405,5099.1,yes
36,technician,single,professional.course,unknown,no,no,telephone,may,fri,180,3,999,0,nonexistent,1.1,93.994,-36.4,4.855,5191,no
30,bluecollar,single,professional.course,no,yes,no,cellular,nov,tue,111,2,999,0,nonexistent,-1.1,94.767,-50.8,1.049,4963.6,yes
55,management,married,university.degree,no,no,no,cellular,aug,thu,122,5,999,0,nonexistent,1.4,93.444,-36.1,4.963,5228.1,no
45,bluecollar,married,basic.9y,no,yes,no,cellular,jul,wed,73,1,999,0,nonexistent,1.4,93.918,-42.7,4.963,5228.1,yes
58,retired,divorced,university.degree,no,yes,no,cellular,apr,wed,129,1,999,0,nonexistent,-1.8,93.075,-47.1,1.415,5099.1,no
33,management,single,university.degree,no,no,yes,telephone,may,fri,71,11,999,0,nonexistent,1.1,93.994,-36.4,4.859,5191,yes
36,admin,single,university.degree,no,yes,no,cellular,aug,mon,770,7,999,0,nonexistent,1.4,93.444,-36.1,4.965,5228.1,no
33,self-employed,single,high.school,no,yes,yes,cellular,may,tue,113,1,999,0,nonexistent,-1.8,92.893,-46.2,1.291,5099.1,yes
44,services,divorced,high.school,no,yes,yes,cellular,nov,mon,164,1,999,0,nonexistent,-0.1,93.2,-42,4.191,5195.8,no
30,services,single,high.school,no,yes,no,cellular,aug,thu,148,2,999,0,nonexistent,-2.9,92.201,-31.4,0.873,5076.2,yes
25,student,single,high.school,no,no,no,cellular,jun,mon,485,2,999,0,nonexistent,-1.7,94.055,-39.8,0.72,4991.6,no
56,unknown,married,basic.4y,no,yes,no,cellular,aug,mon,106,1,999,0,nonexistent,1.4,93.444,-36.1,4.965,5228.1,yes
31,management,married,university.degree,no,no,no,cellular,may,fri,238,1,999,1,failure,-1.8,92.893,-46.2,1.313,5099.1,no
32,services,married,high.school,no,yes,yes,cellular,apr,mon,6,6,999,1,failure,-1.8,93.075,-47.1,1.405,5099.1,yes
31,bluecollar,single,basic.4y,no,no,yes,cellular,nov,wed,125,2,999,0,nonexistent,-0.1,93.2,-42,4.12,5195.8,no
36,technician,single,professional.course,no,yes,no,telephone,may,thu,238,1,999,0,nonexistent,1.1,93.994,-36.4,4.86,5191,yes
41,housemaid,married,high.school,no,yes,no,telephone,nov,fri,1074,1,999,0,nonexistent,-0.1,93.2,-42,4.021,5195.8,no
55,bluecollar,married,basic.9y,unknown,yes,no,cellular,aug,mon,304,4,999,0,nonexistent,1.4,93.444,-36.1,4.965,5228.1,yes
57,management,divorced,university.degree,no,no,no,telephone,may,fri,111,1,999,0,nonexistent,1.1,93.994,-36.4,4.859,5191,no
34,services,married,high.school,no,yes,no,cellular,may,fri,320,3,999,1,failure,-1.8,92.893,-46.2,1.25,5099.1,yes
30,management,married,high.school,no,yes,no,cellular,aug,tue,19,12,999,0,nonexistent,1.4,93.444,-36.1,4.963,5228.1,no
40,technician,married,university.degree,no,no,no,cellular,aug,mon,342,2,999,0,nonexistent,1.4,93.444,-36.1,4.965,5228.1,yes
41,unemployed,married,basic.9y,unknown,yes,no,telephone,apr,fri,246,1,999,1,failure,-1.8,93.075,-47.1,1.405,5099.1,no
53,bluecollar,single,basic.9y,no,unknown,unknown,cellular,mar,thu,362,1,9,2,success,-1.8,93.369,-34.8,0.643,5008.7,yes
35,bluecollar,married,basic.9y,no,no,no,cellular,jul,wed,1259,6,999,0,nonexistent,1.4,93.918,-42.7,4.963,5228.1,no
59,entrepreneur,married,university.degree,no,no,no,telephone,jun,fri,9,5,999,0,nonexistent,1.4,94.465,-41.8,4.959,5228.1,yes
41,self-employed,married,basic.9y,no,yes,no,telephone,jun,mon,178,4,999,0,nonexistent,1.4,94.465,-41.8,4.961,5228.1,no
35,technician,married,professional.course,no,yes,yes,cellular,jul,thu,77,3,999,0,nonexistent,1.4,93.918,-42.7,4.962,5228.1,yes
41,admin,divorced,high.school,no,no,no,telephone,may,mon,177,4,999,0,nonexistent,1.1,93.994,-36.4,4.857,5191,no
32,admin,single,university.degree,no,yes,no,cellular,jul,thu,250,2,6,1,success,-1.7,94.215,-40.3,0.846,4991.6,yes
46,services,divorced,basic.9y,no,unknown,unknown,cellular,may,wed,222,1,999,0,nonexistent,-1.8,92.893,-46.2,1.334,5099.1,no
60,self-employed,married,basic.9y,no,no,no,cellular,aug,tue,17,13,999,0,nonexistent,1.4,93.444,-36.1,4.965,5228.1,yes
34,admin,married,university.degree,no,no,no,cellular,oct,fri,281,1,999,2,failure,-3.4,92.431,-26.9,0.73,5017.5,no
48,admin,married,high.school,no,no,no,telephone,may,tue,82,1,999,0,nonexistent,1.1,93.994,-36.4,4.856,5191,yes
50,management,married,university.degree,no,yes,no,cellular,jul,thu,161,2,999,0,nonexistent,1.4,93.918,-42.7,4.962,5228.1,no
43,admin,married,high.school,no,no,no,telephone,jun,fri,1422,10,999,0,nonexistent,1.4,94.465,-41.8,4.959,5228.1,yes
46,services,divorced,basic.9y,no,no,no,cellular,may,wed,96,2,999,1,failure,-1.8,92.893,-46.2,1.334,5099.1,no
50,entrepreneur,married,university.degree,no,no,no,cellular,nov,mon,408,1,999,1,failure,-0.1,93.2,-42,4.191,5195.8,yes
30,technician,single,university.degree,no,yes,no,cellular,aug,wed,215,1,999,0,nonexistent,1.4,93.444,-36.1,4.964,5228.1,no
44,bluecollar,married,basic.9y,no,yes,no,cellular,jul,thu,121,1,999,0,nonexistent,1.4,93.918,-42.7,4.963,5228.1,yes
37,management,married,unknown,no,no,no,cellular,dec,wed,149,3,999,0,nonexistent,-3,92.713,-33,0.715,5023.5,no
23,services,single,high.school,no,unknown,unknown,cellular,jul,wed,1300,3,999,0,nonexistent,1.4,93.918,-42.7,4.963,5228.1,yes
32,admin,married,university.degree,no,yes,no,cellular,jun,tue,712,1,3,2,failure,-2.9,92.963,-40.8,1.262,5076.2,no
36,technician,married,professional.course,no,yes,no,telephone,may,thu,247,1,999,0,nonexistent,1.1,93.994,-36.4,4.86,5191,yes
40,services,married,basic.6y,unknown,no,no,telephone,jun,mon,49,1,999,0,nonexistent,1.4,94.465,-41.8,4.961,5228.1,no
53,admin,divorced,university.degree,no,yes,yes,telephone,may,thu,172,2,999,0,nonexistent,1.1,93.994,-36.4,4.86,5191,yes
53,housemaid,married,basic.6y,unknown,unknown,unknown,cellular,apr,mon,372,2,999,0,nonexistent,-1.8,93.075,-47.1,1.405,5099.1,no
34,bluecollar,married,basic.4y,no,yes,yes,cellular,may,wed,338,4,999,0,nonexistent,-1.8,92.893,-46.2,1.334,5099.1,yes
34,technician,divorced,professional.course,no,no,no,telephone,may,wed,91,1,999,0,nonexistent,1.1,93.994,-36.4,4.859,5191,no
41,self-employed,married,basic.9y,no,yes,no,cellular,may,thu,1135,3,999,1,failure,-1.8,92.893,-46.2,1.327,5099.1,yes
48,bluecollar,married,basic.4y,no,no,no,cellular,aug,tue,134,7,999,0,nonexistent,1.4,93.444,-36.1,4.966,5228.1,no
47,bluecollar,married,basic.4y,unknown,no,no,telephone,jun,wed,624,2,999,0,nonexistent,1.4,94.465,-41.8,4.864,5228.1,yes
39,services,married,high.school,no,no,no,telephone,may,thu,359,3,999,0,nonexistent,1.1,93.994,-36.4,4.86,5191,no
50,technician,married,basic.9y,no,yes,no,telephone,nov,mon,55,2,999,0,nonexistent,-0.1,93.2,-42,4.191,5195.8,yes
38,technician,single,basic.6y,no,yes,no,cellular,nov,wed,164,1,999,0,nonexistent,-0.1,93.2,-42,4.12,5195.8,no
37,admin,single,university.degree,no,yes,no,telephone,jun,mon,540,1,999,0,nonexistent,1.4,94.465,-41.8,4.961,5228.1,yes
29,services,single,basic.9y,unknown,yes,no,cellular,apr,thu,105,2,999,0,nonexistent,-1.8,93.075,-47.1,1.41,5099.1,no
24,entrepreneur,single,high.school,no,yes,no,telephone,jun,fri,113,1,999,0,nonexistent,1.4,94.465,-41.8,4.959,5228.1,yes
46,management,married,university.degree,no,no,no,telephone,may,mon,103,1,999,0,nonexistent,1.1,93.994,-36.4,4.857,5191,no
35,admin,single,university.degree,no,no,yes,telephone,jun,fri,159,9,999,0,nonexistent,1.4,94.465,-41.8,4.967,5228.1,yes
32,admin,single,university.degree,no,unknown,unknown,cellular,aug,fri,107,1,999,0,nonexistent,1.4,93.444,-36.1,4.963,5228.1,no
33,admin,single,university.degree,no,yes,no,cellular,aug,tue,226,4,999,0,nonexistent,1.4,93.444,-36.1,4.966,5228.1,yes
58,retired,married,professional.course,unknown,no,no,cellular,nov,fri,158,3,999,1,failure,-0.1,93.2,-42,4.021,5195.8,no
36,bluecollar,married,basic.4y,unknown,yes,no,telephone,may,fri,166,2,999,0,nonexistent,1.1,93.994,-36.4,4.864,5191,yes
41,technician,married,university.degree,no,yes,no,telephone,may,fri,67,3,999,0,nonexistent,1.1,93.994,-36.4,4.855,5191,no
33,technician,single,professional.course,no,yes,no,cellular,aug,wed,290,1,999,0,nonexistent,1.4,93.444,-36.1,4.967,5228.1,yes
29,admin,married,university.degree,no,no,yes,cellular,aug,fri,14,5,999,0,nonexistent,1.4,93.444,-36.1,4.966,5228.1,no
51,technician,single,university.degree,no,no,no,cellular,jun,fri,657,1,999,0,nonexistent,-2.9,92.963,-40.8,1.268,5076.2,yes
52,management,married,university.degree,no,no,no,cellular,aug,tue,600,1,999,0,nonexistent,-2.9,92.201,-31.4,0.884,5076.2,no
44,bluecollar,married,basic.9y,no,no,no,cellular,jul,fri,41,3,999,0,nonexistent,1.4,93.918,-42.7,4.962,5228.1,yes
42,admin,married,high.school,no,no,yes,cellular,jul,thu,219,6,999,0,nonexistent,1.4,93.918,-42.7,4.962,5228.1,no
43,admin,married,university.degree,unknown,no,no,cellular,aug,tue,101,1,999,0,nonexistent,1.4,93.444,-36.1,4.966,5228.1,yes
32,services,married,high.school,unknown,no,no,cellular,jul,mon,44,1,999,0,nonexistent,1.4,93.918,-42.7,4.96,5228.1,no
32,bluecollar,married,basic.4y,no,no,no,telephone,may,mon,41,2,999,0,nonexistent,1.1,93.994,-36.4,4.857,5191,yes
38,services,married,basic.4y,no,no,yes,telephone,jun,thu,90,1,999,0,nonexistent,1.4,94.465,-41.8,4.866,5228.1,no
32,technician,married,university.degree,no,yes,no,cellular,aug,thu,402,1,999,0,nonexistent,1.4,93.444,-36.1,4.968,5228.1,yes
31,technician,married,professional.course,no,no,no,cellular,apr,mon,551,3,999,1,failure,-1.8,93.075,-47.1,1.466,5099.1,no
37,bluecollar,married,basic.9y,no,yes,yes,cellular,jul,wed,184,3,999,0,nonexistent,1.4,93.918,-42.7,4.963,5228.1,yes
43,bluecollar,married,basic.9y,no,yes,no,cellular,nov,thu,340,1,999,0,nonexistent,-0.1,93.2,-42,4.076,5195.8,no
30,technician,married,university.degree,no,no,no,telephone,may,mon,165,4,999,0,nonexistent,1.1,93.994,-36.4,4.857,5191,yes
34,bluecollar,married,basic.9y,no,yes,no,cellular,may,tue,264,4,999,0,nonexistent,-1.8,92.893,-46.2,1.291,5099.1,no
36,management,married,unknown,no,no,no,cellular,jun,mon,98,2,999,0,nonexistent,-2.9,92.963,-40.8,1.281,5076.2,yes
29,admin,single,university.degree,no,yes,no,cellular,jul,mon,333,2,999,0,nonexistent,1.4,93.918,-42.7,4.96,5228.1,no
52,admin,divorced,university.degree,no,yes,yes,cellular,nov,tue,183,1,999,0,nonexistent,-0.1,93.2,-42,4.153,5195.8,yes
54,retired,divorced,basic.4y,no,no,no,telephone,jun,mon,157,3,999,0,nonexistent,1.4,94.465,-41.8,4.865,5228.1,no
31,services,married,professional.course,no,no,no,cellular,nov,thu,627,3,999,0,nonexistent,-0.1,93.2,-42,4.076,5195.8,yes
37,bluecollar,married,basic.6y,unknown,yes,no,cellular,jul,wed,345,10,999,0,nonexistent,1.4,93.918,-42.7,4.957,5228.1,no
40,technician,single,university.degree,no,no,no,cellular,nov,mon,141,3,999,0,nonexistent,-3.4,92.649,-30.1,0.714,5017.5,yes
43,technician,married,professional.course,unknown,no,no,cellular,may,thu,681,5,999,0,nonexistent,-1.8,92.893,-46.2,1.327,5099.1,no
35,technician,divorced,professional.course,no,no,no,cellular,jun,wed,66,1,13,2,failure,-1.7,94.055,-39.8,0.739,4991.6,yes
37,admin,single,high.school,no,yes,no,cellular,jul,mon,291,1,999,0,nonexistent,1.4,93.918,-42.7,4.96,5228.1,no
35,services,married,basic.6y,no,no,no,telephone,may,mon,70,6,999,0,nonexistent,1.1,93.994,-36.4,4.857,5191,yes
53,admin,married,professional.course,no,yes,yes,cellular,nov,tue,140,2,999,0,nonexistent,-0.1,93.2,-42,4.153,5195.8,no
55,bluecollar,married,basic.4y,unknown,no,no,telephone,jun,wed,345,1,999,0,nonexistent,1.4,94.465,-41.8,4.962,5228.1,yes
40,unemployed,married,professional.course,no,no,yes,telephone,sep,fri,91,1,999,0,nonexistent,-3.4,92.379,-29.8,0.773,5017.5,no
28,bluecollar,single,high.school,no,yes,no,telephone,apr,thu,240,1,999,0,nonexistent,-1.8,93.075,-47.1,1.483,5099.1,yes
39,bluecollar,single,basic.4y,no,no,yes,telephone,jun,fri,396,4,999,0,nonexistent,1.4,94.465,-41.8,4.967,5228.1,no
41,bluecollar,married,basic.9y,no,no,no,cellular,may,fri,491,1,999,2,failure,-1.8,92.893,-46.2,1.313,5099.1,yes
46,bluecollar,married,basic.6y,unknown,yes,no,cellular,aug,tue,398,3,999,0,nonexistent,1.4,93.444,-36.1,4.963,5228.1,no
52,self-employed,married,university.degree,unknown,no,no,telephone,may,mon,175,1,999,0,nonexistent,1.1,93.994,-36.4,4.857,5191,yes
44,admin,single,high.school,no,no,yes,telephone,jul,fri,12,1,999,0,nonexistent,-1.7,94.215,-40.3,0.861,4991.6,no
31,unemployed,married,high.school,yes,no,no,cellular,nov,tue,111,2,999,1,failure,-0.1,93.2,-42,4.153,5195.8,yes
31,bluecollar,married,basic.9y,no,no,no,cellular,jul,wed,129,2,999,0,nonexistent,1.4,93.918,-42.7,4.957,5228.1,no
31,admin,married,university.degree,no,no,no,cellular,aug,wed,196,1,999,0,nonexistent,1.4,93.444,-36.1,4.964,5228.1,yes
35,services,married,high.school,no,yes,no,cellular,jul,tue,377,4,999,0,nonexistent,1.4,93.918,-42.7,4.961,5228.1,no
58,bluecollar,married,basic.4y,no,yes,no,telephone,may,thu,184,1,999,0,nonexistent,1.1,93.994,-36.4,4.86,5191,yes
38,technician,married,professional.course,no,yes,no,cellular,mar,fri,363,2,10,1,success,-1.8,92.843,-50,1.726,5099.1,no
51,admin,married,basic.4y,unknown,no,no,cellular,may,tue,516,1,999,0,nonexistent,-1.8,92.893,-46.2,1.344,5099.1,yes
36,technician,married,professional.course,no,no,no,telephone,jun,mon,151,1,999,0,nonexistent,1.4,94.465,-41.8,4.961,5228.1,no
47,bluecollar,married,high.school,unknown,yes,no,telephone,jun,mon,224,3,999,0,nonexistent,1.4,94.465,-41.8,4.961,5228.1,yes
49,admin,single,high.school,no,no,no,cellular,aug,thu,103,1,999,0,nonexistent,1.4,93.444,-36.1,4.964,5228.1,no
39,housemaid,married,basic.4y,no,yes,yes,cellular,aug,fri,215,1,999,0,nonexistent,1.4,93.444,-36.1,4.964,5228.1,yes
33,admin,single,university.degree,unknown,yes,no,cellular,aug,wed,183,3,999,0,nonexistent,1.4,93.444,-36.1,4.964,5228.1,no
66,retired,married,professional.course,no,no,yes,cellular,mar,tue,525,1,21,2,failure,-1.8,93.369,-34.8,0.655,5008.7,yes
36,technician,married,professional.course,no,yes,no,cellular,aug,mon,45,1,999,0,nonexistent,1.4,93.444,-36.1,4.965,5228.1,no
46,bluecollar,divorced,basic.9y,no,no,no,cellular,apr,tue,332,3,999,0,nonexistent,-1.8,93.075,-47.1,1.423,5099.1,yes
44,services,married,professional.course,unknown,yes,no,cellular,may,thu,428,2,999,1,failure,-1.8,92.893,-46.2,1.327,5099.1,no
50,technician,married,professional.course,unknown,yes,yes,telephone,jun,fri,705,7,999,0,nonexistent,1.4,94.465,-41.8,4.959,5228.1,yes
32,services,married,professional.course,no,yes,no,telephone,may,fri,379,1,999,0,nonexistent,1.1,93.994,-36.4,4.859,5191,no
52,housemaid,married,basic.6y,no,yes,no,cellular,aug,fri,268,1,999,0,nonexistent,1.4,93.444,-36.1,4.964,5228.1,yes
26,bluecollar,single,high.school,no,no,no,telephone,may,fri,213,4,999,0,nonexistent,1.1,93.994,-36.4,4.855,5191,no
30,admin,single,university.degree,no,no,no,cellular,aug,thu,180,1,999,0,nonexistent,1.4,93.444,-36.1,4.963,5228.1,yes
34,technician,divorced,professional.course,no,yes,no,telephone,may,wed,296,2,999,0,nonexistent,1.1,93.994,-36.4,4.856,5191,no
30,management,married,university.degree,no,yes,yes,cellular,nov,tue,196,1,999,0,nonexistent,-0.1,93.2,-42,4.153,5195.8,yes
56,retired,married,basic.4y,no,no,no,cellular,nov,fri,163,2,999,1,failure,-0.1,93.2,-42,4.021,5195.8,no
33,bluecollar,married,basic.9y,no,yes,no,telephone,may,wed,76,2,999,0,nonexistent,1.1,93.994,-36.4,4.859,5191,yes
31,bluecollar,divorced,basic.6y,no,yes,no,telephone,may,fri,597,17,999,0,nonexistent,1.1,93.994,-36.4,4.859,5191,no
47,admin,single,unknown,unknown,yes,no,telephone,may,tue,247,1,999,0,nonexistent,1.1,93.994,-36.4,4.857,5191,yes
46,services,married,professional.course,no,no,no,telephone,jun,tue,75,3,999,0,nonexistent,1.4,94.465,-41.8,4.961,5228.1,no
54,technician,married,basic.4y,no,no,no,telephone,may,tue,120,2,999,0,nonexistent,1.1,93.994,-36.4,4.857,5191,yes
30,technician,single,university.degree,no,no,no,cellular,nov,thu,78,2,999,0,nonexistent,-0.1,93.2,-42,4.076,5195.8,no
40,self-employed,married,unknown,unknown,no,no,cellular,jul,mon,143,9,999,0,nonexistent,1.4,93.918,-42.7,4.962,5228.1,yes
45,services,married,high.school,no,yes,no,telephone,jul,tue,68,4,999,0,nonexistent,1.4,93.918,-42.7,4.961,5228.1,no
45,unemployed,married,basic.4y,no,yes,yes,telephone,jun,fri,264,1,999,0,nonexistent,1.4,94.465,-41.8,4.967,5228.1,yes
55,retired,married,high.school,no,yes,no,cellular,jun,fri,136,3,3,1,success,-2.9,92.963,-40.8,1.268,5076.2,no
30,admin,married,university.degree,unknown,no,no,cellular,aug,mon,313,2,999,0,nonexistent,1.4,93.444,-36.1,4.963,5228.1,yes
82,housemaid,divorced,basic.4y,no,no,no,cellular,jul,wed,316,1,999,0,nonexistent,-1.7,94.215,-40.3,0.881,4991.6,no
55,unknown,married,basic.4y,no,yes,no,cellular,jul,thu,1298,1,999,0,nonexistent,1.4,93.918,-42.7,4.962,5228.1,yes
39,entrepreneur,married,basic.9y,no,no,no,telephone,may,tue,157,2,999,0,nonexistent,1.1,93.994,-36.4,4.857,5191,no
46,technician,married,basic.9y,no,yes,no,telephone,may,fri,1135,2,999,0,nonexistent,1.1,93.994,-36.4,4.859,5191,yes
33,bluecollar,single,basic.4y,no,no,no,cellular,nov,fri,60,1,999,0,nonexistent,-0.1,93.2,-42,4.021,5195.8,no
39,admin,single,unknown,no,no,no,cellular,nov,fri,188,2,999,0,nonexistent,-0.1,93.2,-42,4.021,5195.8,yes
37,bluecollar,married,basic.4y,unknown,yes,no,cellular,jul,fri,97,3,999,0,nonexistent,1.4,93.918,-42.7,4.957,5228.1,no
28,technician,single,professional.course,no,yes,no,cellular,aug,thu,78,3,999,0,nonexistent,-2.9,92.201,-31.4,0.851,5076.2,yes
41,technician,divorced,university.degree,no,yes,yes,cellular,aug,fri,116,2,999,0,nonexistent,1.4,93.444,-36.1,4.966,5228.1,no
39,admin,married,university.degree,no,no,no,telephone,may,tue,160,3,999,0,nonexistent,1.1,93.994,-36.4,4.857,5191,yes
27,bluecollar,married,basic.4y,no,yes,no,telephone,may,mon,51,5,999,0,nonexistent,1.1,93.994,-36.4,4.857,5191,no
39,housemaid,married,basic.9y,no,yes,yes,cellular,nov,mon,272,2,999,0,nonexistent,-0.1,93.2,-42,4.191,5195.8,yes
46,technician,married,professional.course,no,yes,no,cellular,nov,mon,61,1,999,1,failure,-0.1,93.2,-42,4.191,5195.8,no
38,technician,married,professional.course,no,no,no,cellular,mar,thu,119,1,999,0,nonexistent,-1.8,92.843,-50,1.757,5099.1,yes
54,technician,single,high.school,no,yes,no,cellular,nov,fri,32,2,999,0,nonexistent,-0.1,93.2,-42,4.021,5195.8,no
25,admin,single,basic.9y,no,no,no,cellular,jul,thu,18,29,999,0,nonexistent,1.4,93.918,-42.7,4.968,5228.1,yes
37,admin,married,university.degree,no,no,yes,cellular,dec,mon,206,2,6,1,success,-3,92.713,-33,0.706,5023.5,no
28,self-employed,single,basic.9y,no,no,no,telephone,may,tue,125,3,999,0,nonexistent,1.1,93.994,-36.4,4.856,5191,yes
53,bluecollar,married,basic.4y,unknown,yes,no,cellular,aug,thu,446,1,999,0,nonexistent,1.4,93.444,-36.1,4.968,5228.1,no
58,bluecollar,married,basic.4y,unknown,yes,no,cellular,may,tue,451,2,999,1,failure,-1.8,92.893,-46.2,1.291,5099.1,yes
31,admin,single,high.school,no,no,no,telephone,may,thu,132,22,999,0,nonexistent,1.1,93.994,-36.4,4.86,5191,no
42,services,married,high.school,no,yes,no,telephone,jun,fri,174,1,999,0,nonexistent,1.4,94.465,-41.8,4.967,5228.1,yes
37,bluecollar,married,professional.course,no,yes,no,cellular,jul,mon,340,3,999,0,nonexistent,1.4,93.918,-42.7,4.962,5228.1,no
37,self-employed,divorced,university.degree,no,no,no,cellular,may,wed,143,3,999,1,failure,-1.8,92.893,-46.2,1.334,5099.1,yes
24,bluecollar,single,basic.9y,no,yes,no,cellular,may,mon,61,3,999,0,nonexistent,-1.8,92.893,-46.2,1.244,5099.1,no
33,technician,married,professional.course,no,yes,no,telephone,jul,mon,9,17,999,0,nonexistent,1.4,93.918,-42.7,4.96,5228.1,yes
59,technician,married,professional.course,no,yes,no,telephone,may,fri,1438,2,999,0,nonexistent,1.1,93.994,-36.4,4.857,5191,no
60,retired,married,basic.4y,no,no,no,cellular,oct,mon,82,1,999,0,nonexistent,-3.4,92.431,-26.9,0.739,5017.5,yes
31,admin,married,university.degree,no,no,no,cellular,aug,wed,209,1,999,0,nonexistent,1.4,93.444,-36.1,4.964,5228.1,no
38,technician,married,professional.course,no,no,no,telephone,may,tue,101,1,999,0,nonexistent,1.1,93.994,-36.4,4.856,5191,yes
35,unknown,single,high.school,unknown,yes,no,cellular,jul,thu,277,3,999,0,nonexistent,1.4,93.918,-42.7,4.958,5228.1,no
26,admin,single,university.degree,no,no,no,telephone,aug,mon,1087,1,3,1,success,-1.7,94.027,-38.3,0.904,4991.6,yes
52,retired,married,university.degree,no,no,no,cellular,nov,mon,147,1,999,0,nonexistent,-0.1,93.2,-42,4.191,5195.8,no
35,bluecollar,married,basic.9y,no,no,yes,telephone,jun,mon,782,2,999,0,nonexistent,1.4,94.465,-41.8,4.961,5228.1,yes
42,admin,divorced,university.degree,no,no,no,telephone,may,wed,232,1,999,0,nonexistent,1.1,93.994,-36.4,4.856,5191,no
46,unemployed,divorced,basic.9y,no,yes,no,telephone,jun,tue,231,2,999,0,nonexistent,1.4,94.465,-41.8,4.864,5228.1,yes
40,technician,married,professional.course,no,no,no,telephone,jun,mon,92,6,999,0,nonexistent,1.4,94.465,-41.8,4.96,5228.1,no
58,admin,married,university.degree,no,no,no,cellular,aug,mon,129,2,999,0,nonexistent,1.4,93.444,-36.1,4.965,5228.1,yes
52,bluecollar,married,basic.4y,no,yes,no,cellular,jul,thu,156,6,999,0,nonexistent,1.4,93.918,-42.7,4.968,5228.1,no
30,admin,divorced,university.degree,no,no,yes,cellular,nov,tue,198,1,999,0,nonexistent,-0.1,93.2,-42,4.153,5195.8,yes
44,bluecollar,married,basic.9y,no,no,no,cellular,aug,mon,135,3,999,0,nonexistent,1.4,93.444,-36.1,4.97,5228.1,no
53,services,married,high.school,unknown,yes,no,telephone,may,mon,107,1,999,0,nonexistent,1.1,93.994,-36.4,4.857,5191,yes
30,management,single,university.degree,no,no,no,telephone,jun,thu,27,7,999,0,nonexistent,1.4,94.465,-41.8,4.866,5228.1,no
43,bluecollar,married,basic.6y,no,no,no,cellular,jul,wed,272,1,999,0,nonexistent,1.4,93.918,-42.7,4.962,5228.1,yes
39,services,single,high.school,no,yes,no,cellular,aug,fri,308,6,999,0,nonexistent,-1.7,94.027,-38.3,0.898,4991.6,no
43,management,married,basic.9y,no,yes,no,cellular,aug,fri,180,1,6,2,failure,-2.9,92.201,-31.4,0.869,5076.2,yes
57,bluecollar,divorced,basic.4y,unknown,yes,no,telephone,may,tue,47,1,999,0,nonexistent,1.1,93.994,-36.4,4.856,5191,no
37,admin,single,university.degree,no,no,no,cellular,oct,fri,416,2,999,0,nonexistent,-3.4,92.431,-26.9,0.72,5017.5,yes
32,technician,married,university.degree,no,no,no,cellular,aug,thu,137,1,999,0,nonexistent,1.4,93.444,-36.1,4.968,5228.1,no
40,admin,single,professional.course,no,yes,no,cellular,may,tue,43,1,999,1,failure,-1.8,92.893,-46.2,1.344,5099.1,yes
41,bluecollar,single,unknown,unknown,no,no,telephone,jun,mon,780,3,999,0,nonexistent,1.4,94.465,-41.8,4.947,5228.1,no
46,technician,divorced,university.degree,no,no,no,telephone,jun,fri,1288,3,999,0,nonexistent,1.4,94.465,-41.8,4.967,5228.1,yes
33,services,single,high.school,no,yes,no,cellular,may,thu,367,2,999,1,failure,-1.8,92.893,-46.2,1.266,5099.1,no
49,management,divorced,university.degree,no,no,no,telephone,may,fri,170,7,999,0,nonexistent,1.1,93.994,-36.4,4.864,5191,yes
52,management,married,high.school,no,no,no,cellular,aug,tue,408,1,999,0,nonexistent,-2.9,92.201,-31.4,0.883,5076.2,no
31,admin,single,university.degree,no,yes,no,cellular,may,mon,244,1,999,0,nonexistent,-1.8,92.893,-46.2,1.354,5099.1,yes
32,bluecollar,married,basic.9y,no,yes,no,telephone,jun,wed,261,1,999,0,nonexistent,1.4,94.465,-41.8,4.959,5228.1,no
37,admin,single,university.degree,no,no,no,cellular,aug,wed,125,11,999,0,nonexistent,1.4,93.444,-36.1,4.964,5228.1,yes
45,housemaid,married,basic.4y,no,no,no,cellular,aug,thu,76,3,999,0,nonexistent,1.4,93.444,-36.1,4.963,5228.1,no
39,bluecollar,divorced,basic.6y,unknown,yes,yes,telephone,may,wed,32,1,999,0,nonexistent,1.1,93.994,-36.4,4.856,5191,yes
28,bluecollar,single,basic.9y,no,no,no,telephone,may,fri,489,2,999,0,nonexistent,1.1,93.994,-36.4,4.859,5191,no
45,bluecollar,divorced,basic.4y,unknown,yes,no,telephone,jul,fri,168,1,999,0,nonexistent,1.4,93.918,-42.7,4.957,5228.1,yes
33,admin,married,university.degree,unknown,yes,no,cellular,nov,thu,386,2,999,0,nonexistent,-0.1,93.2,-42,4.076,5195.8,no
37,technician,married,professional.course,no,yes,no,telephone,may,fri,834,9,999,0,nonexistent,1.1,93.994,-36.4,4.855,5191,yes
34,entrepreneur,single,university.degree,no,yes,no,cellular,may,thu,87,1,999,0,nonexistent,-1.8,92.893,-46.2,1.266,5099.1,no
39,services,married,basic.9y,no,yes,no,telephone,may,tue,322,3,999,0,nonexistent,1.1,93.994,-36.4,4.856,5191,yes
31,admin,single,university.degree,no,yes,yes,telephone,aug,tue,115,2,999,0,nonexistent,-2.9,92.201,-31.4,0.883,5076.2,no
41,management,married,high.school,no,yes,no,cellular,may,mon,180,2,999,0,nonexistent,-1.8,92.893,-46.2,1.244,5099.1,yes
55,admin,married,high.school,no,no,no,telephone,oct,mon,317,2,10,3,success,-1.1,94.601,-49.5,0.977,4963.6,no
49,bluecollar,married,basic.9y,no,no,no,cellular,may,tue,135,1,999,2,failure,-1.8,92.893,-46.2,1.266,5099.1,yes
36,admin,divorced,university.degree,unknown,yes,no,cellular,jul,thu,187,1,999,0,nonexistent,1.4,93.918,-42.7,4.963,5228.1,no
26,admin,married,high.school,no,no,no,telephone,jun,fri,120,6,999,0,nonexistent,1.4,94.465,-41.8,4.947,5228.1,yes
46,admin,married,university.degree,unknown,no,no,cellular,aug,tue,55,2,999,0,nonexistent,1.4,93.444,-36.1,4.965,5228.1,no
38,management,divorced,university.degree,no,yes,no,cellular,jul,tue,543,9,999,0,nonexistent,1.4,93.918,-42.7,4.961,5228.1,yes
40,bluecollar,married,basic.9y,unknown,yes,no,cellular,jul,mon,504,4,999,0,nonexistent,1.4,93.918,-42.7,4.962,5228.1,no
38,admin,married,university.degree,no,yes,no,telephone,may,tue,47,5,999,0,nonexistent,1.1,93.994,-36.4,4.857,5191,yes
49,housemaid,married,professional.course,no,yes,no,cellular,jul,thu,351,2,999,0,nonexistent,1.4,93.918,-42.7,4.963,5228.1,no
51,technician,married,professional.course,no,yes,yes,cellular,aug,thu,246,3,999,0,nonexistent,1.4,93.444,-36.1,4.963,5228.1,yes
41,services,divorced,basic.9y,no,yes,no,telephone,jun,thu,163,1,999,0,nonexistent,1.4,94.465,-41.8,4.866,5228.1,no
42,bluecollar,married,basic.9y,unknown,yes,no,telephone,may,tue,326,1,999,0,nonexistent,1.1,93.994,-36.4,4.857,5191,yes
32,services,married,high.school,no,no,no,telephone,may,thu,175,1,999,0,nonexistent,1.1,93.994,-36.4,4.855,5191,no
37,technician,single,professional.course,unknown,unknown,unknown,telephone,jun,mon,51,4,999,0,nonexistent,1.4,94.465,-41.8,4.865,5228.1,yes
46,services,married,high.school,no,yes,no,cellular,aug,tue,183,3,999,0,nonexistent,1.4,93.444,-36.1,4.965,5228.1,no
33,technician,divorced,professional.course,no,no,no,telephone,may,wed,85,4,999,0,nonexistent,1.1,93.994,-36.4,4.859,5191,yes
68,retired,divorced,professional.course,no,yes,no,cellular,oct,tue,418,2,999,0,nonexistent,-3.4,92.431,-26.9,0.728,5017.5,no
41,bluecollar,married,basic.9y,no,yes,no,cellular,apr,fri,69,1,999,1,failure,-1.8,93.075,-47.1,1.405,5099.1,yes
32,admin,single,university.degree,no,yes,no,cellular,aug,tue,460,2,999,0,nonexistent,1.4,93.444,-36.1,4.966,5228.1,no
29,admin,single,university.degree,no,no,no,cellular,may,tue,245,6,999,1,failure,-1.8,92.893,-46.2,1.344,5099.1,yes
36,admin,married,university.degree,no,yes,no,cellular,may,tue,196,1,999,0,nonexistent,-1.8,93.876,-40,0.697,5008.7,no
37,admin,single,university.degree,no,yes,no,cellular,aug,fri,212,7,999,0,nonexistent,1.4,93.444,-36.1,4.964,5228.1,yes
57,technician,married,high.school,unknown,no,no,cellular,aug,fri,784,1,999,0,nonexistent,1.4,93.444,-36.1,4.966,5228.1,no
40,bluecollar,single,basic.6y,unknown,no,no,telephone,may,thu,201,2,999,0,nonexistent,1.1,93.994,-36.4,4.855,5191,yes
36,admin,married,university.degree,no,no,no,cellular,aug,mon,147,1,999,0,nonexistent,1.4,93.444,-36.1,4.97,5228.1,no
33,unemployed,divorced,professional.course,no,yes,no,cellular,aug,mon,151,2,999,0,nonexistent,1.4,93.444,-36.1,4.963,5228.1,yes
53,management,married,university.degree,no,yes,yes,telephone,aug,fri,81,1,999,0,nonexistent,1.4,93.444,-36.1,4.963,5228.1,no
56,management,married,university.degree,no,yes,no,cellular,jul,tue,90,1,999,0,nonexistent,1.4,93.918,-42.7,4.961,5228.1,yes
33,management,married,professional.course,no,no,no,cellular,may,thu,578,1,999,0,nonexistent,-1.8,92.893,-46.2,1.266,5099.1,no
48,admin,divorced,basic.9y,no,no,no,cellular,jul,tue,1424,4,999,0,nonexistent,1.4,93.918,-42.7,4.961,5228.1,yes
38,self-employed,married,university.degree,unknown,no,no,telephone,jun,mon,96,10,999,0,nonexistent,1.4,94.465,-41.8,4.961,5228.1,no
22,student,single,high.school,no,no,no,cellular,aug,thu,53,2,3,1,success,-2.9,92.201,-31.4,0.873,5076.2,yes
50,admin,divorced,university.degree,no,yes,no,cellular,aug,tue,23,9,999,0,nonexistent,1.4,93.444,-36.1,4.965,5228.1,no
58,retired,married,professional.course,no,no,no,cellular,nov,wed,577,1,999,0,nonexistent,-0.1,93.2,-42,4.12,5195.8,yes
56,retired,married,professional.course,no,yes,no,cellular,aug,mon,202,5,999,0,nonexistent,1.4,93.444,-36.1,4.965,5228.1,no
53,self-employed,divorced,university.degree,no,no,no,cellular,jul,mon,397,3,999,0,nonexistent,1.4,93.918,-42.7,4.96,5228.1,yes
41,admin,married,university.degree,unknown,yes,no,cellular,may,fri,114,2,999,0,nonexistent,-1.8,92.893,-46.2,1.313,5099.1,no
80,retired,divorced,basic.4y,no,no,yes,cellular,dec,fri,720,5,999,1,failure,-3,92.713,-33,0.718,5023.5,yes
50,management,married,university.degree,no,yes,no,telephone,apr,fri,198,1,999,0,nonexistent,-1.8,93.075,-47.1,1.405,5099.1,no
33,services,single,high.school,no,yes,no,telephone,may,thu,789,1,999,0,nonexistent,1.1,93.994,-36.4,4.855,5191,yes
29,technician,single,university.degree,no,no,yes,cellular,nov,thu,57,1,999,0,nonexistent,-0.1,93.2,-42,4.076,5195.8,no
45,self-employed,single,basic.9y,no,yes,no,cellular,apr,wed,156,1,999,0,nonexistent,-1.8,93.075,-47.1,1.405,5099.1,yes
22,bluecollar,single,basic.6y,unknown,unknown,unknown,telephone,may,tue,270,1,999,0,nonexistent,1.1,93.994,-36.4,4.856,5191,no
34,admin,divorced,university.degree,no,yes,no,cellular,may,tue,25,4,999,0,nonexistent,-1.8,92.893,-46.2,1.291,5099.1,yes
35,admin,married,university.degree,no,yes,no,cellular,nov,mon,690,1,999,0,nonexistent,-0.1,93.2,-42,4.191,5195.8,no
46,admin,single,high.school,no,no,no,cellular,aug,thu,329,2,9,4,failure,-1.7,94.027,-38.3,0.904,4991.6,yes
47,bluecollar,married,unknown,unknown,yes,no,cellular,aug,thu,227,3,999,0,nonexistent,1.4,93.444,-36.1,4.964,5228.1,no
33,admin,single,high.school,no,yes,no,cellular,aug,tue,195,1,999,0,nonexistent,1.4,93.444,-36.1,4.963,5228.1,yes
51,admin,married,university.degree,no,no,no,cellular,nov,tue,104,2,1,1,success,-0.1,93.2,-42,4.153,5195.8,no
38,bluecollar,single,unknown,no,yes,no,telephone,oct,tue,39,1,999,1,failure,-0.1,93.798,-40.4,4.968,5195.8,yes
58,admin,married,high.school,no,no,no,cellular,aug,thu,214,1,999,0,nonexistent,1.4,93.444,-36.1,4.968,5228.1,no
49,admin,married,university.degree,unknown,no,no,cellular,jul,mon,97,3,999,0,nonexistent,1.4,93.918,-42.7,4.96,5228.1,yes
45,housemaid,single,basic.9y,no,yes,no,telephone,jun,mon,113,1,999,0,nonexistent,1.4,94.465,-41.8,4.961,5228.1,no
42,management,married,high.school,unknown,no,no,cellular,jul,tue,179,5,999,0,nonexistent,1.4,93.918,-42.7,4.961,5228.1,yes
31,technician,married,high.school,no,yes,yes,cellular,nov,thu,232,1,999,0,nonexistent,-0.1,93.2,-42,4.076,5195.8,no
45,bluecollar,married,basic.9y,unknown,no,yes,telephone,may,wed,145,2,999,0,nonexistent,1.1,93.994,-36.4,4.859,5191,yes
24,student,single,professional.course,no,no,no,cellular,nov,mon,180,2,999,1,failure,-3.4,92.649,-30.1,0.722,5017.5,no
37,services,divorced,high.school,no,yes,no,telephone,jun,tue,42,4,999,0,nonexistent,1.4,94.465,-41.8,4.961,5228.1,yes
27,admin,married,high.school,unknown,no,yes,telephone,may,tue,318,3,999,0,nonexistent,1.1,93.994,-36.4,4.856,5191,no
48,technician,married,professional.course,no,no,yes,cellular,jul,wed,266,5,999,0,nonexistent,1.4,93.918,-42.7,4.963,5228.1,yes
46,admin,married,high.school,no,yes,no,cellular,nov,thu,308,1,999,1,failure,-0.1,93.2,-42,4.076,5195.8,no
57,retired,married,basic.4y,unknown,yes,no,cellular,aug,wed,57,2,999,0,nonexistent,1.4,93.444,-36.1,4.964,5228.1,yes
56,technician,married,basic.4y,no,yes,no,telephone,may,mon,143,3,999,0,nonexistent,1.1,93.994,-36.4,4.857,5191,no
33,self-employed,single,professional.course,no,yes,no,cellular,jul,tue,85,1,999,0,nonexistent,1.4,93.918,-42.7,4.962,5228.1,yes
42,bluecollar,married,basic.9y,no,yes,yes,cellular,may,tue,63,4,999,0,nonexistent,-1.8,92.893,-46.2,1.344,5099.1,no
53,entrepreneur,married,basic.4y,unknown,yes,no,cellular,aug,fri,150,1,999,0,nonexistent,1.4,93.444,-36.1,4.963,5228.1,yes
54,bluecollar,married,basic.9y,no,no,no,cellular,jun,fri,258,2,999,0,nonexistent,-2.9,92.963,-40.8,1.268,5076.2,no
28,technician,single,high.school,no,yes,no,telephone,jul,tue,166,6,999,0,nonexistent,1.4,93.918,-42.7,4.961,5228.1,yes
38,technician,married,high.school,no,no,no,cellular,aug,tue,100,5,999,0,nonexistent,1.4,93.444,-36.1,4.965,5228.1,no
45,technician,married,basic.9y,unknown,no,no,cellular,nov,fri,174,1,999,0,nonexistent,-0.1,93.2,-42,4.021,5195.8,yes
30,technician,single,university.degree,no,no,no,cellular,sep,thu,327,2,999,0,nonexistent,-1.1,94.199,-37.5,0.879,4963.6,no
55,technician,married,professional.course,no,yes,no,cellular,oct,tue,182,1,999,0,nonexistent,-3.4,92.431,-26.9,0.742,5017.5,yes
45,technician,married,professional.course,no,no,no,cellular,jul,wed,158,1,999,0,nonexistent,1.4,93.918,-42.7,4.963,5228.1,no
25,admin,single,high.school,no,yes,no,cellular,jul,thu,418,4,999,0,nonexistent,1.4,93.918,-42.7,4.963,5228.1,yes
54,management,married,high.school,no,no,no,cellular,aug,mon,725,4,999,0,nonexistent,1.4,93.444,-36.1,4.963,5228.1,no
43,bluecollar,single,basic.4y,unknown,yes,no,telephone,may,mon,181,2,999,0,nonexistent,1.1,93.994,-36.4,4.857,5191,yes
28,technician,single,university.degree,no,yes,no,cellular,mar,mon,120,3,999,0,nonexistent,-1.8,92.843,-50,1.811,5099.1,no
33,bluecollar,married,basic.9y,no,yes,no,cellular,nov,wed,244,1,999,0,nonexistent,-0.1,93.2,-42,4.12,5195.8,yes
48,admin,divorced,university.degree,no,no,no,telephone,jun,fri,94,4,999,0,nonexistent,1.4,94.465,-41.8,4.967,5228.1,no
36,technician,married,high.school,no,no,no,telephone,jun,tue,128,1,999,0,nonexistent,1.4,94.465,-41.8,4.961,5228.1,yes
38,services,single,high.school,no,no,no,cellular,sep,fri,256,2,999,0,nonexistent,-1.1,94.199,-37.5,0.878,4963.6,no
42,admin,divorced,university.degree,no,yes,yes,cellular,aug,fri,153,1,999,0,nonexistent,1.4,93.444,-36.1,4.963,5228.1,yes
24,admin,single,university.degree,no,yes,no,cellular,apr,mon,393,3,999,0,nonexistent,-1.8,93.075,-47.1,1.405,5099.1,no
33,admin,single,university.degree,no,yes,yes,cellular,aug,thu,44,1,999,0,nonexistent,1.4,93.444,-36.1,4.962,5228.1,yes
34,entrepreneur,married,basic.4y,no,no,no,telephone,may,wed,75,1,999,0,nonexistent,1.1,93.994,-36.4,4.859,5191,no
56,bluecollar,married,basic.4y,unknown,yes,no,telephone,may,fri,400,2,999,0,nonexistent,1.1,93.994,-36.4,4.855,5191,yes
52,technician,married,university.degree,no,no,no,cellular,may,thu,211,1,3,4,success,-1.8,93.876,-40,0.677,5008.7,no
29,admin,married,high.school,no,yes,no,cellular,may,mon,106,1,999,1,failure,-1.8,92.893,-46.2,1.299,5099.1,yes
54,technician,married,professional.course,no,no,no,cellular,jul,fri,796,1,999,0,nonexistent,1.4,93.918,-42.7,4.962,5228.1,no
43,bluecollar,married,basic.9y,no,no,no,telephone,jun,thu,246,2,999,0,nonexistent,1.4,94.465,-41.8,4.866,5228.1,yes
60,retired,married,high.school,no,no,no,cellular,may,thu,181,3,6,1,success,-1.8,93.876,-40,0.699,5008.7,no
49,admin,divorced,high.school,no,no,no,cellular,jul,thu,602,1,999,0,nonexistent,1.4,93.918,-42.7,4.958,5228.1,yes
51,admin,divorced,university.degree,unknown,no,no,cellular,aug,fri,59,2,999,0,nonexistent,1.4,93.444,-36.1,4.963,5228.1,no
34,admin,married,university.degree,no,yes,no,cellular,may,mon,351,1,999,0,nonexistent,-1.8,92.893,-46.2,1.299,5099.1,yes
32,admin,married,basic.9y,no,no,no,cellular,jul,mon,77,2,999,0,nonexistent,1.4,93.918,-42.7,4.962,5228.1,no
31,services,single,basic.9y,no,unknown,unknown,cellular,may,fri,429,1,999,3,failure,-1.8,93.876,-40,0.695,5008.7,yes
54,retired,divorced,university.degree,no,no,no,cellular,nov,fri,296,1,999,0,nonexistent,-0.1,93.2,-42,4.021,5195.8,no
31,admin,single,high.school,unknown,no,no,cellular,jul,wed,90,1,999,0,nonexistent,1.4,93.918,-42.7,4.962,5228.1,yes
35,services,married,high.school,no,yes,no,cellular,may,fri,104,4,999,1,failure,-1.8,92.893,-46.2,1.313,5099.1,no
44,services,married,basic.9y,no,yes,no,telephone,may,fri,109,4,999,0,nonexistent,1.1,93.994,-36.4,4.864,5191,yes
63,retired,married,professional.course,no,no,no,cellular,dec,mon,83,4,999,0,nonexistent,-3,92.713,-33,0.706,5023.5,no
28,technician,married,university.degree,no,yes,yes,cellular,may,thu,175,3,999,0,nonexistent,-1.8,92.893,-46.2,1.266,5099.1,yes
56,management,married,basic.4y,unknown,yes,no,cellular,jul,tue,122,1,999,0,nonexistent,1.4,93.918,-42.7,4.961,5228.1,no
31,services,married,high.school,no,yes,no,cellular,may,mon,32,2,999,0,nonexistent,-1.8,92.893,-46.2,1.244,5099.1,yes
33,management,married,university.degree,no,no,no,telephone,may,mon,405,3,999,0,nonexistent,1.1,93.994,-36.4,4.857,5191,no
25,admin,single,university.degree,no,no,no,cellular,jul,fri,835,1,999,0,nonexistent,1.4,93.918,-42.7,4.957,5228.1,yes
44,admin,divorced,university.degree,no,yes,yes,cellular,jun,tue,130,1,999,0,nonexistent,-2.9,92.963,-40.8,1.262,5076.2,no
54,technician,married,university.degree,no,yes,no,cellular,aug,thu,252,2,999,0,nonexistent,1.4,93.444,-36.1,4.964,5228.1,yes
32,housemaid,married,basic.6y,unknown,no,no,telephone,jun,thu,19,1,999,0,nonexistent,1.4,94.465,-41.8,4.866,5228.1,no
54,housemaid,married,professional.course,no,yes,no,telephone,jun,mon,152,4,999,0,nonexistent,1.4,94.465,-41.8,4.961,5228.1,yes
32,technician,married,professional.course,no,no,no,cellular,may,fri,158,2,999,1,failure,-1.8,92.893,-46.2,1.313,5099.1,no
46,admin,married,high.school,no,no,no,cellular,apr,thu,243,1,999,0,nonexistent,-1.8,93.075,-47.1,1.365,5099.1,yes
57,retired,divorced,professional.course,no,no,no,telephone,jun,wed,203,1,999,0,nonexistent,1.4,94.465,-41.8,4.962,5228.1,no
30,technician,single,professional.course,no,no,no,cellular,nov,thu,214,1,999,0,nonexistent,-0.1,93.2,-42,4.076,5195.8,yes
54,management,married,university.degree,no,yes,no,cellular,jul,wed,281,3,999,0,nonexistent,1.4,93.918,-42.7,4.962,5228.1,no
48,self-employed,married,university.degree,no,yes,no,cellular,nov,tue,141,2,999,1,failure,-0.1,93.2,-42,4.153,5195.8,yes
28,services,married,high.school,no,no,no,cellular,jul,tue,171,1,999,0,nonexistent,1.4,93.918,-42.7,4.962,5228.1,no
37,admin,married,university.degree,no,yes,no,cellular,nov,mon,386,2,999,0,nonexistent,-0.1,93.2,-42,4.191,5195.8,yes
40,technician,married,basic.9y,no,no,no,telephone,nov,wed,319,1,999,0,nonexistent,-0.1,93.2,-42,4.12,5195.8,no
28,technician,married,university.degree,no,yes,no,cellular,may,thu,402,1,999,0,nonexistent,-1.8,92.893,-46.2,1.327,5099.1,yes
41,bluecollar,married,basic.9y,no,no,no,telephone,jun,mon,95,1,999,0,nonexistent,1.4,94.465,-41.8,4.865,5228.1,no
27,student,single,high.school,unknown,no,no,telephone,jun,fri,471,1,999,0,nonexistent,1.4,94.465,-41.8,4.967,5228.1,yes
45,admin,married,professional.course,no,no,no,cellular,jul,fri,49,1,999,0,nonexistent,1.4,93.918,-42.7,4.962,5228.1,no
45,management,married,basic.9y,unknown,yes,no,cellular,may,mon,305,1,999,0,nonexistent,-1.8,92.893,-46.2,1.299,5099.1,yes
43,bluecollar,married,basic.6y,no,yes,no,telephone,jun,tue,169,4,999,0,nonexistent,1.4,94.465,-41.8,4.961,5228.1,no
35,housemaid,married,basic.4y,no,yes,no,cellular,aug,mon,87,1,999,0,nonexistent,1.4,93.444,-36.1,4.965,5228.1,yes
36,bluecollar,single,basic.4y,no,yes,no,cellular,may,thu,279,1,999,1,failure,-1.8,92.893,-46.2,1.266,5099.1,no
47,bluecollar,married,basic.6y,unknown,yes,no,cellular,may,mon,472,2,999,0,nonexistent,-1.8,92.893,-46.2,1.299,5099.1,yes
57,admin,married,university.degree,no,no,yes,cellular,jul,mon,231,3,999,0,nonexistent,1.4,93.918,-42.7,4.962,5228.1,no
27,self-employed,married,university.degree,no,no,no,telephone,jul,wed,215,3,999,0,nonexistent,1.4,93.918,-42.7,4.963,5228.1,yes
64,retired,married,unknown,no,no,no,cellular,aug,fri,252,4,999,0,nonexistent,-2.9,92.201,-31.4,0.849,5076.2,no
29,management,single,university.degree,no,no,no,telephone,may,fri,118,1,999,0,nonexistent,1.1,93.994,-36.4,4.855,5191,yes
45,management,married,university.degree,unknown,no,no,cellular,jul,wed,225,2,999,0,nonexistent,1.4,93.918,-42.7,4.957,5228.1,no
26,bluecollar,single,high.school,unknown,no,no,cellular,may,mon,314,2,999,0,nonexistent,-1.8,92.893,-46.2,1.299,5099.1,yes
54,services,married,high.school,no,yes,no,telephone,jun,tue,184,5,999,0,nonexistent,1.4,94.465,-41.8,4.864,5228.1,no
29,admin,single,basic.9y,unknown,yes,no,telephone,may,wed,83,2,999,0,nonexistent,1.1,93.994,-36.4,4.858,5191,yes
39,admin,married,high.school,no,no,no,telephone,may,wed,726,2,999,0,nonexistent,1.1,93.994,-36.4,4.859,5191,no
46,bluecollar,married,basic.4y,unknown,no,yes,telephone,jun,thu,89,1,999,0,nonexistent,1.4,94.465,-41.8,4.961,5228.1,yes
44,technician,married,professional.course,unknown,no,yes,telephone,may,fri,203,4,999,0,nonexistent,1.1,93.994,-36.4,4.855,5191,no
36,bluecollar,married,basic.9y,no,yes,no,cellular,nov,tue,320,1,999,2,failure,-3.4,92.649,-30.1,0.715,5017.5,yes
59,admin,married,high.school,no,yes,no,cellular,aug,wed,1019,2,2,1,success,-2.9,92.201,-31.4,0.884,5076.2,no
56,technician,married,university.degree,no,no,yes,telephone,jun,mon,69,1,999,0,nonexistent,1.4,94.465,-41.8,4.865,5228.1,yes
33,unemployed,married,high.school,unknown,yes,no,cellular,jul,wed,590,9,999,0,nonexistent,1.4,93.918,-42.7,4.963,5228.1,no
51,technician,divorced,professional.course,no,no,yes,cellular,aug,fri,50,3,999,0,nonexistent,1.4,93.444,-36.1,4.966,5228.1,yes
59,bluecollar,married,basic.4y,no,yes,no,cellular,aug,tue,258,1,999,0,nonexistent,1.4,93.444,-36.1,4.963,5228.1,no
31,services,married,basic.9y,no,yes,no,cellular,jul,wed,537,1,999,0,nonexistent,1.4,93.918,-42.7,4.962,5228.1,yes
46,technician,married,professional.course,unknown,no,no,cellular,aug,tue,235,2,999,0,nonexistent,1.4,93.444,-36.1,4.963,5228.1,no
21,bluecollar,married,basic.9y,no,no,yes,cellular,jul,wed,89,6,999,0,nonexistent,1.4,93.918,-42.7,4.963,5228.1,yes
33,technician,single,professional.course,no,yes,no,cellular,aug,wed,90,1,999,0,nonexistent,1.4,93.444,-36.1,4.967,5228.1,no
46,entrepreneur,single,university.degree,no,no,no,cellular,apr,mon,89,3,999,1,failure,-1.8,93.075,-47.1,1.405,5099.1,yes
24,bluecollar,single,unknown,no,no,no,cellular,jul,tue,39,17,999,0,nonexistent,1.4,93.918,-42.7,4.961,5228.1,no
35,technician,married,university.degree,no,no,yes,cellular,aug,tue,204,2,999,0,nonexistent,1.4,93.444,-36.1,4.966,5228.1,yes
32,self-employed,single,university.degree,no,yes,no,cellular,dec,mon,205,4,999,1,failure,-3,92.713,-33,0.706,5023.5,no
35,services,married,high.school,no,yes,no,cellular,apr,fri,36,1,999,0,nonexistent,-1.8,93.075,-47.1,1.405,5099.1,yes
32,self-employed,single,university.degree,no,yes,no,cellular,may,mon,66,3,999,1,failure,-1.8,92.893,-46.2,1.299,5099.1,no
34,technician,married,professional.course,no,yes,no,telephone,sep,mon,157,5,999,0,nonexistent,-1.1,94.199,-37.5,0.879,4963.6,yes
47,bluecollar,married,basic.6y,unknown,yes,no,cellular,may,mon,208,4,999,1,failure,-1.8,92.893,-46.2,1.299,5099.1,no
60,retired,divorced,high.school,no,no,no,cellular,sep,wed,99,2,999,2,failure,-3.4,92.379,-29.8,0.768,5017.5,yes
43,services,divorced,high.school,no,no,no,cellular,jul,mon,388,3,999,0,nonexistent,1.4,93.918,-42.7,4.962,5228.1,no
58,technician,married,basic.4y,no,yes,no,telephone,oct,wed,88,1,999,0,nonexistent,-3.4,92.431,-26.9,0.74,5017.5,yes
31,admin,single,university.degree,no,yes,no,cellular,nov,thu,114,1,999,0,nonexistent,-0.1,93.2,-42,4.076,5195.8,no
38,bluecollar,single,basic.4y,no,no,no,cellular,may,thu,121,2,999,0,nonexistent,-1.8,92.893,-46.2,1.266,5099.1,yes
35,management,married,university.degree,no,no,no,cellular,may,thu,304,1,999,1,failure,-1.8,92.893,-46.2,1.327,5099.1,no
34,services,married,basic.9y,unknown,yes,no,cellular,jul,mon,80,1,999,0,nonexistent,1.4,93.918,-42.7,4.96,5228.1,yes
31,admin,single,high.school,no,no,no,cellular,jul,wed,75,4,999,0,nonexistent,1.4,93.918,-42.7,4.962,5228.1,no
30,self-employed,married,professional.course,no,yes,no,cellular,nov,thu,329,2,999,0,nonexistent,-0.1,93.2,-42,4.076,5195.8,yes
49,management,divorced,high.school,unknown,no,no,telephone,may,mon,124,1,999,0,nonexistent,1.1,93.994,-36.4,4.857,5191,no
41,services,married,high.school,no,yes,no,telephone,may,tue,59,4,999,0,nonexistent,1.1,93.994,-36.4,4.857,5191,yes
53,bluecollar,married,basic.4y,no,yes,no,cellular,nov,fri,180,1,999,0,nonexistent,-0.1,93.2,-42,4.021,5195.8,no
45,housemaid,married,basic.4y,unknown,yes,no,telephone,may,wed,83,2,999,0,nonexistent,1.1,93.994,-36.4,4.856,5191,yes
58,retired,married,basic.4y,no,yes,no,telephone,jun,tue,159,4,999,0,nonexistent,1.4,94.465,-41.8,4.864,5228.1,no
46,technician,married,basic.9y,unknown,no,no,telephone,may,fri,81,3,999,0,nonexistent,1.1,93.994,-36.4,4.864,5191,yes
56,services,divorced,high.school,unknown,yes,no,cellular,apr,thu,144,2,999,0,nonexistent,-1.8,93.075,-47.1,1.41,5099.1,no
28,self-employed,single,university.degree,no,yes,no,cellular,mar,fri,186,2,999,0,nonexistent,-1.8,92.843,-50,1.64,5099.1,yes
38,bluecollar,married,basic.9y,no,no,yes,telephone,may,mon,159,1,999,1,failure,-1.8,92.893,-46.2,1.299,5099.1,no
32,technician,single,professional.course,no,yes,no,cellular,may,wed,97,2,999,0,nonexistent,-1.8,92.893,-46.2,1.334,5099.1,yes
36,admin,married,university.degree,no,no,no,cellular,jun,mon,174,1,3,1,success,-2.9,92.963,-40.8,1.266,5076.2,no
27,bluecollar,married,basic.9y,no,yes,yes,telephone,may,fri,152,2,999,0,nonexistent,1.1,93.994,-36.4,4.857,5191,yes
46,management,married,basic.9y,no,yes,no,cellular,nov,fri,996,1,999,0,nonexistent,-0.1,93.2,-42,4.021,5195.8,no
40,admin,married,university.degree,no,no,no,cellular,apr,thu,815,1,999,0,nonexistent,-1.8,93.075,-47.1,1.365,5099.1,yes
31,technician,married,professional.course,no,yes,no,telephone,jun,tue,208,1,999,0,nonexistent,-1.7,94.055,-39.8,0.723,4991.6,no
45,admin,married,university.degree,no,yes,yes,cellular,may,fri,300,1,999,0,nonexistent,-1.8,92.893,-46.2,1.25,5099.1,yes
49,self-employed,married,high.school,no,no,no,cellular,may,fri,532,3,999,0,nonexistent,-1.8,92.893,-46.2,1.25,5099.1,no
52,self-employed,married,university.degree,no,no,no,telephone,may,tue,31,3,999,0,nonexistent,1.1,93.994,-36.4,4.857,5191,yes
53,admin,divorced,high.school,no,yes,no,cellular,jun,mon,70,1,999,1,failure,-2.9,92.963,-40.8,1.266,5076.2,no
26,services,single,high.school,no,unknown,unknown,telephone,jul,wed,588,1,999,0,nonexistent,1.4,93.918,-42.7,4.963,5228.1,yes
48,services,single,high.school,no,yes,no,cellular,apr,fri,267,2,999,1,failure,-1.8,93.075,-47.1,1.405,5099.1,no
32,technician,married,professional.course,no,no,no,telephone,jun,thu,805,2,999,0,nonexistent,1.4,94.465,-41.8,4.866,5228.1,yes
34,bluecollar,single,basic.9y,no,no,no,cellular,nov,wed,127,1,999,1,failure,-0.1,93.2,-42,4.12,5195.8,no
35,technician,married,professional.course,no,no,no,telephone,jun,thu,159,1,999,0,nonexistent,1.4,94.465,-41.8,4.961,5228.1,yes
38,student,single,university.degree,no,no,no,telephone,may,thu,619,4,999,0,nonexistent,1.1,93.994,-36.4,4.86,5191,no
53,technician,single,professional.course,no,yes,no,cellular,nov,wed,1468,3,999,0,nonexistent,-0.1,93.2,-42,4.12,5195.8,yes
44,technician,divorced,professional.course,no,no,no,telephone,jun,thu,112,1,999,0,nonexistent,1.4,94.465,-41.8,4.958,5228.1,no
53,admin,divorced,high.school,no,yes,no,cellular,aug,tue,159,2,3,1,success,-2.9,92.201,-31.4,0.838,5076.2,yes
39,management,single,basic.9y,no,yes,no,cellular,nov,mon,125,1,999,0,nonexistent,-0.1,93.2,-42,4.191,5195.8,no
38,entrepreneur,married,basic.9y,no,no,no,cellular,nov,thu,166,3,999,0,nonexistent,-0.1,93.2,-42,4.076,5195.8,yes
33,services,married,high.school,no,yes,no,cellular,jun,wed,274,2,12,2,success,-1.7,94.055,-39.8,0.767,4991.6,no
37,technician,married,high.school,unknown,yes,no,cellular,aug,tue,69,2,999,0,nonexistent,1.4,93.444,-36.1,4.966,5228.1,yes
29,technician,single,university.degree,no,yes,yes,cellular,aug,wed,225,1,999,0,nonexistent,1.4,93.444,-36.1,4.967,5228.1,no
33,unemployed,single,university.degree,no,no,no,cellular,aug,thu,126,2,999,0,nonexistent,1.4,93.444,-36.1,4.962,5228.1,yes
33,admin,single,university.degree,no,no,no,cellular,mar,tue,406,2,999,1,failure,-1.8,92.843,-50,1.614,5099.1,no
28,admin,single,university.degree,no,no,no,cellular,oct,fri,317,2,999,0,nonexistent,-3.4,92.431,-26.9,0.739,5017.5,yes
26,bluecollar,single,high.school,no,no,yes,cellular,jul,wed,111,8,999,0,nonexistent,1.4,93.918,-42.7,4.963,5228.1,no
35,admin,single,university.degree,no,no,no,cellular,aug,tue,131,1,999,0,nonexistent,1.4,93.444,-36.1,4.965,5228.1,yes
46,admin,married,university.degree,no,yes,no,telephone,jun,fri,193,7,999,0,nonexistent,1.4,94.465,-41.8,4.967,5228.1,no
43,services,married,high.school,unknown,yes,no,telephone,may,fri,99,6,999,0,nonexistent,1.1,93.994,-36.4,4.864,5191,yes
45,admin,single,university.degree,no,no,no,cellular,may,fri,582,1,3,1,success,-1.8,92.893,-46.2,1.259,5099.1,no
50,technician,married,high.school,no,no,no,telephone,may,wed,224,5,999,0,nonexistent,1.1,93.994,-36.4,4.856,5191,yes
42,bluecollar,married,basic.4y,no,no,no,cellular,jul,mon,378,1,999,0,nonexistent,1.4,93.918,-42.7,4.96,5228.1,no
28,student,single,professional.course,no,no,no,telephone,jun,fri,168,2,999,0,nonexistent,1.4,94.465,-41.8,4.959,5228.1,yes
36,admin,divorced,high.school,no,no,yes,cellular,aug,fri,263,1,999,0,nonexistent,1.4,93.444,-36.1,4.964,5228.1,no
28,bluecollar,married,basic.4y,no,no,no,telephone,jun,mon,149,2,999,0,nonexistent,1.4,94.465,-41.8,4.961,5228.1,yes
49,housemaid,married,basic.4y,unknown,no,yes,telephone,may,wed,801,1,999,0,nonexistent,1.1,93.994,-36.4,4.858,5191,no
25,bluecollar,married,high.school,no,no,no,telephone,may,mon,217,1,999,0,nonexistent,1.1,93.994,-36.4,4.857,5191,yes
43,management,married,unknown,no,no,yes,cellular,jul,mon,86,2,999,0,nonexistent,1.4,93.918,-42.7,4.96,5228.1,no
36,housemaid,married,basic.6y,no,yes,no,telephone,may,fri,60,16,999,0,nonexistent,1.1,93.994,-36.4,4.864,5191,yes
34,technician,divorced,unknown,no,yes,no,cellular,jul,thu,420,6,999,0,nonexistent,1.4,93.918,-42.7,4.968,5228.1,no
34,admin,married,university.degree,no,no,no,cellular,jul,tue,145,2,999,0,nonexistent,1.4,93.918,-42.7,4.962,5228.1,yes
56,management,divorced,university.degree,no,no,no,telephone,jun,mon,252,4,999,0,nonexistent,1.4,94.465,-41.8,4.865,5228.1,no
34,management,married,university.degree,no,yes,no,cellular,nov,wed,96,1,999,0,nonexistent,-0.1,93.2,-42,4.12,5195.8,yes
28,bluecollar,married,basic.6y,unknown,yes,no,telephone,jun,mon,273,5,999,0,nonexistent,1.4,94.465,-41.8,4.96,5228.1,no
52,technician,married,university.degree,unknown,no,no,telephone,jun,fri,10,3,999,0,nonexistent,1.4,94.465,-41.8,4.959,5228.1,yes
38,admin,married,high.school,no,unknown,unknown,cellular,nov,thu,309,1,999,0,nonexistent,-0.1,93.2,-42,4.076,5195.8,no
32,admin,single,university.degree,no,no,no,cellular,may,fri,24,7,999,0,nonexistent,-1.8,92.893,-46.2,1.25,5099.1,yes
55,admin,married,university.degree,unknown,no,no,cellular,aug,wed,96,6,999,0,nonexistent,1.4,93.444,-36.1,4.964,5228.1,no
33,technician,married,professional.course,no,no,no,cellular,jun,tue,189,2,999,0,nonexistent,-2.9,92.963,-40.8,1.262,5076.2,yes
33,bluecollar,divorced,basic.6y,unknown,yes,no,telephone,may,thu,365,1,999,0,nonexistent,1.1,93.994,-36.4,4.855,5191,no
48,bluecollar,married,basic.4y,no,no,no,telephone,jun,fri,63,1,999,0,nonexistent,1.4,94.465,-41.8,4.959,5228.1,yes
36,management,married,university.degree,no,yes,yes,cellular,jul,thu,90,2,999,0,nonexistent,1.4,93.918,-42.7,4.962,5228.1,no
33,admin,married,basic.9y,no,no,no,telephone,may,tue,198,1,999,0,nonexistent,1.1,93.994,-36.4,4.857,5191,yes
40,bluecollar,married,basic.9y,no,no,no,telephone,jun,fri,231,1,999,0,nonexistent,1.4,94.465,-41.8,4.959,5228.1,no
29,management,married,university.degree,no,no,no,cellular,nov,fri,83,4,999,0,nonexistent,-0.1,93.2,-42,4.021,5195.8,yes
55,management,married,university.degree,no,yes,no,cellular,aug,wed,52,2,999,0,nonexistent,1.4,93.444,-36.1,4.964,5228.1,no
53,admin,married,professional.course,no,yes,no,telephone,may,tue,233,2,999,0,nonexistent,1.1,93.994,-36.4,4.857,5191,yes
28,bluecollar,single,basic.9y,no,no,no,cellular,may,thu,156,1,999,0,nonexistent,-1.8,92.893,-46.2,1.266,5099.1,no
30,bluecollar,single,basic.4y,unknown,no,no,telephone,may,fri,130,1,999,0,nonexistent,1.1,93.994,-36.4,4.864,5191,yes
38,technician,married,university.degree,no,yes,yes,cellular,jul,wed,150,1,999,0,nonexistent,1.4,93.918,-42.7,4.963,5228.1,no
32,admin,single,university.degree,no,no,no,cellular,jul,mon,79,2,999,0,nonexistent,1.4,93.918,-42.7,4.962,5228.1,yes
55,technician,married,professional.course,no,no,no,telephone,may,mon,113,2,999,0,nonexistent,1.1,93.994,-36.4,4.857,5191,no
40,technician,single,high.school,no,no,no,telephone,may,tue,151,4,999,0,nonexistent,1.1,93.994,-36.4,4.856,5191,yes
33,services,married,high.school,no,yes,yes,cellular,nov,wed,69,1,999,1,failure,-0.1,93.2,-42,4.12,5195.8,no
33,admin,married,university.degree,no,no,no,cellular,jul,fri,384,1,999,0,nonexistent,1.4,93.918,-42.7,4.957,5228.1,yes
48,bluecollar,married,basic.4y,no,yes,no,cellular,may,wed,477,2,999,0,nonexistent,-1.8,92.893,-46.2,1.334,5099.1,no
57,services,married,high.school,no,yes,no,cellular,apr,mon,113,2,999,1,failure,-1.8,93.075,-47.1,1.405,5099.1,yes
46,services,married,university.degree,no,no,no,cellular,aug,tue,246,3,999,0,nonexistent,1.4,93.444,-36.1,4.966,5228.1,no
52,technician,married,professional.course,no,yes,no,cellular,nov,fri,495,1,3,1,success,-3.4,92.649,-30.1,0.714,5017.5,yes
32,services,single,high.school,no,yes,yes,cellular,aug,wed,253,1,4,2,success,-2.9,92.201,-31.4,0.884,5076.2,no
27,admin,single,university.degree,no,no,no,cellular,jun,fri,96,2,999,0,nonexistent,-2.9,92.963,-40.8,1.268,5076.2,yes
41,admin,married,university.degree,no,no,no,cellular,apr,tue,463,1,999,0,nonexistent,-1.8,93.075,-47.1,1.453,5099.1,no
38,technician,divorced,professional.course,no,yes,no,cellular,aug,fri,130,1,999,0,nonexistent,1.4,93.444,-36.1,4.966,5228.1,yes
31,admin,single,university.degree,no,yes,no,telephone,jun,thu,237,3,999,0,nonexistent,1.4,94.465,-41.8,4.866,5228.1,no
33,admin,single,university.degree,no,yes,no,cellular,may,thu,320,1,999,0,nonexistent,-1.8,92.893,-46.2,1.327,5099.1,yes
27,services,married,professional.course,no,no,no,telephone,may,tue,395,2,999,0,nonexistent,1.1,93.994,-36.4,4.857,5191,no
43,bluecollar,married,basic.9y,no,yes,no,cellular,may,thu,83,1,999,0,nonexistent,-1.8,92.893,-46.2,1.327,5099.1,yes
36,admin,married,high.school,no,no,no,cellular,aug,mon,91,2,999,0,nonexistent,1.4,93.444,-36.1,4.963,5228.1,no
38,technician,married,university.degree,no,yes,no,cellular,may,wed,814,1,999,0,nonexistent,-1.8,92.893,-46.2,1.334,5099.1,yes
50,entrepreneur,married,basic.9y,no,no,no,cellular,nov,tue,59,1,999,0,nonexistent,-0.1,93.2,-42,4.153,5195.8,no
54,technician,married,university.degree,no,yes,no,telephone,may,wed,464,1,999,0,nonexistent,1.1,93.994,-36.4,4.856,5191,yes
72,retired,divorced,basic.4y,no,no,no,cellular,aug,mon,152,1,999,0,nonexistent,-2.9,92.201,-31.4,0.861,5076.2,no
48,admin,divorced,basic.4y,no,yes,no,cellular,may,mon,227,1,999,0,nonexistent,-1.8,92.893,-46.2,1.299,5099.1,yes
54,entrepreneur,married,university.degree,unknown,no,no,telephone,jun,mon,100,17,999,0,nonexistent,1.4,94.465,-41.8,4.96,5228.1,no
31,management,married,university.degree,no,no,yes,cellular,aug,thu,166,2,999,0,nonexistent,1.4,93.444,-36.1,4.963,5228.1,yes
50,self-employed,married,basic.9y,no,yes,yes,cellular,may,mon,673,6,3,1,success,-1.8,92.893,-46.2,1.354,5099.1,no
40,bluecollar,married,basic.9y,no,yes,no,telephone,jun,mon,154,2,999,0,nonexistent,1.4,94.465,-41.8,4.865,5228.1,yes
29,services,single,high.school,no,yes,no,cellular,nov,fri,171,2,999,0,nonexistent,-0.1,93.2,-42,4.021,5195.8,no
68,retired,married,basic.4y,no,no,no,telephone,sep,tue,201,1,999,1,failure,-3.4,92.379,-29.8,0.788,5017.5,yes
47,admin,single,university.degree,no,no,no,cellular,jul,tue,108,1,999,0,nonexistent,1.4,93.918,-42.7,4.961,5228.1,no
30,services,single,high.school,no,no,no,telephone,may,thu,66,2,999,0,nonexistent,1.1,93.994,-36.4,4.855,5191,yes
34,admin,married,university.degree,no,no,no,cellular,jul,wed,198,2,999,0,nonexistent,1.4,93.918,-42.7,4.957,5228.1,no
52,technician,married,high.school,unknown,no,no,telephone,may,wed,68,1,999,0,nonexistent,1.1,93.994,-36.4,4.858,5191,yes
30,admin,married,university.degree,unknown,yes,no,cellular,nov,thu,157,1,999,0,nonexistent,-0.1,93.2,-42,4.076,5195.8,no
37,admin,single,university.degree,no,no,no,cellular,aug,fri,89,2,999,0,nonexistent,1.4,93.444,-36.1,4.966,5228.1,yes
32,admin,married,university.degree,no,yes,yes,cellular,jun,tue,384,1,999,0,nonexistent,-2.9,92.963,-40.8,1.262,5076.2,no
43,bluecollar,married,basic.6y,no,no,no,cellular,may,fri,36,5,999,1,failure,-1.8,92.893,-46.2,1.313,5099.1,yes
31,admin,married,high.school,no,no,no,telephone,may,wed,350,1,999,0,nonexistent,1.1,93.994,-36.4,4.857,5191,no
29,technician,single,unknown,no,yes,yes,cellular,jul,mon,326,3,999,0,nonexistent,-2.9,92.469,-33.6,0.996,5076.2,yes
34,admin,single,high.school,no,yes,no,telephone,jun,fri,122,16,999,0,nonexistent,1.4,94.465,-41.8,4.967,5228.1,no
47,self-employed,married,university.degree,no,yes,no,cellular,aug,tue,146,7,999,0,nonexistent,1.4,93.444,-36.1,4.965,5228.1,yes
38,technician,divorced,professional.course,no,no,no,cellular,aug,thu,7,8,999,0,nonexistent,1.4,93.444,-36.1,4.962,5228.1,no
42,technician,married,professional.course,no,yes,no,cellular,jul,fri,154,2,999,0,nonexistent,1.4,93.918,-42.7,4.962,5228.1,yes
33,services,married,professional.course,no,yes,yes,cellular,jul,thu,630,4,999,0,nonexistent,1.4,93.918,-42.7,4.968,5228.1,no
55,management,single,basic.4y,no,yes,no,telephone,jun,wed,89,4,999,0,nonexistent,1.4,94.465,-41.8,4.962,5228.1,yes
46,services,married,high.school,no,no,no,cellular,apr,mon,124,4,999,0,nonexistent,-1.8,93.075,-47.1,1.405,5099.1,no
50,bluecollar,married,basic.4y,unknown,yes,no,telephone,may,mon,152,5,999,0,nonexistent,1.1,93.994,-36.4,4.857,5191,yes
34,bluecollar,married,basic.6y,no,yes,yes,telephone,jun,thu,549,1,999,0,nonexistent,1.4,94.465,-41.8,4.961,5228.1,no
34,bluecollar,married,basic.9y,no,no,no,cellular,may,tue,52,3,999,0,nonexistent,-1.8,92.893,-46.2,1.344,5099.1,yes
26,bluecollar,single,high.school,no,no,no,telephone,nov,fri,201,1,999,0,nonexistent,-3.4,92.649,-30.1,0.714,5017.5,no
34,bluecollar,married,basic.4y,no,no,no,telephone,jul,mon,252,4,999,0,nonexistent,1.4,93.918,-42.7,4.962,5228.1,yes
30,technician,divorced,high.school,no,yes,yes,telephone,jun,tue,131,2,999,0,nonexistent,1.4,94.465,-41.8,4.961,5228.1,no
27,technician,single,professional.course,no,no,no,cellular,jul,thu,234,1,999,0,nonexistent,1.4,93.918,-42.7,4.958,5228.1,yes
38,technician,married,professional.course,no,yes,no,cellular,aug,fri,119,3,999,0,nonexistent,1.4,93.444,-36.1,4.963,5228.1,no
45,technician,married,university.degree,no,yes,no,telephone,may,fri,240,1,999,0,nonexistent,1.1,93.994,-36.4,4.857,5191,yes
50,management,married,university.degree,no,yes,no,telephone,may,wed,281,2,999,0,nonexistent,1.1,93.994,-36.4,4.856,5191,no
31,housemaid,married,basic.4y,no,no,no,cellular,aug,fri,172,5,999,0,nonexistent,1.4,93.444,-36.1,4.966,5228.1,yes
29,admin,single,university.degree,no,yes,no,telephone,jul,wed,73,6,999,0,nonexistent,1.4,93.918,-42.7,4.957,5228.1,no
41,bluecollar,married,basic.6y,unknown,yes,no,telephone,may,fri,160,6,999,0,nonexistent,1.1,93.994,-36.4,4.859,5191,yes
45,technician,married,university.degree,unknown,yes,no,telephone,may,tue,122,1,999,0,nonexistent,1.1,93.994,-36.4,4.856,5191,no
32,management,divorced,university.degree,no,yes,yes,cellular,may,tue,160,2,999,0,nonexistent,-1.8,92.893,-46.2,1.344,5099.1,yes
38,admin,married,basic.6y,no,no,yes,telephone,nov,mon,204,2,999,0,nonexistent,-0.1,93.2,-42,4.191,5195.8,no
52,entrepreneur,married,basic.9y,no,unknown,unknown,telephone,nov,mon,147,1,999,1,failure,-0.1,93.2,-42,4.191,5195.8,yes
37,services,married,high.school,no,yes,no,cellular,jun,wed,200,1,999,0,nonexistent,-2.9,92.963,-40.8,1.26,5076.2,no
33,technician,single,high.school,no,no,no,cellular,apr,fri,124,2,999,0,nonexistent,-1.8,93.075,-47.1,1.405,5099.1,yes
57,technician,married,high.school,no,no,yes,cellular,may,mon,161,1,999,0,nonexistent,-1.8,92.893,-46.2,1.299,5099.1,no
33,services,single,high.school,no,no,no,telephone,may,mon,702,1,999,0,nonexistent,1.1,93.994,-36.4,4.857,5191,yes
41,bluecollar,married,basic.9y,no,no,yes,telephone,jun,thu,327,2,999,0,nonexistent,1.4,94.465,-41.8,4.866,5228.1,no
31,services,single,university.degree,no,yes,no,cellular,may,thu,163,1,999,0,nonexistent,-1.8,92.893,-46.2,1.266,5099.1,yes
49,bluecollar,married,professional.course,unknown,no,no,telephone,may,mon,144,6,999,0,nonexistent,1.1,93.994,-36.4,4.857,5191,no
35,technician,married,professional.course,no,yes,no,cellular,may,thu,16,6,999,1,failure,-1.8,92.893,-46.2,1.266,5099.1,yes
55,housemaid,married,basic.4y,no,yes,no,telephone,may,thu,14,1,999,0,nonexistent,1.1,93.994,-36.4,4.855,5191,no
42,retired,divorced,illiterate,no,no,no,cellular,aug,wed,146,4,999,0,nonexistent,-2.9,92.201,-31.4,0.834,5076.2,yes
29,entrepreneur,single,university.degree,no,no,no,cellular,apr,fri,758,2,999,0,nonexistent,-1.8,93.075,-47.1,1.405,5099.1,no
51,admin,married,basic.6y,unknown,yes,no,telephone,may,tue,531,1,999,0,nonexistent,1.1,93.994,-36.4,4.857,5191,yes
35,admin,single,university.degree,no,yes,no,cellular,jul,mon,77,2,999,0,nonexistent,1.4,93.918,-42.7,4.962,5228.1,no
45,entrepreneur,married,high.school,no,no,no,cellular,nov,mon,623,1,999,1,failure,-0.1,93.2,-42,4.191,5195.8,yes
41,admin,married,university.degree,no,no,no,cellular,aug,thu,12,13,999,0,nonexistent,1.4,93.444,-36.1,4.962,5228.1,no
44,technician,divorced,professional.course,no,yes,no,cellular,jul,tue,121,2,999,0,nonexistent,1.4,93.918,-42.7,4.961,5228.1,yes
66,unknown,married,basic.4y,no,yes,yes,cellular,may,thu,110,2,999,0,nonexistent,-1.8,92.893,-46.2,1.27,5099.1,no
39,admin,married,university.degree,no,unknown,unknown,cellular,apr,fri,198,2,999,1,failure,-1.8,93.075,-47.1,1.405,5099.1,yes
47,technician,married,professional.course,no,yes,no,telephone,may,tue,170,1,999,0,nonexistent,1.1,93.994,-36.4,4.857,5191,no
42,admin,married,university.degree,no,no,no,cellular,aug,wed,273,6,999,0,nonexistent,1.4,93.444,-36.1,4.964,5228.1,yes
25,student,single,university.degree,no,no,no,cellular,aug,thu,184,1,999,0,nonexistent,-2.9,92.201,-31.4,0.851,5076.2,no
58,technician,married,university.degree,unknown,yes,no,cellular,jul,thu,160,1,999,0,nonexistent,-2.9,92.469,-33.6,1.072,5076.2,yes
71,housemaid,married,basic.4y,no,yes,no,cellular,nov,tue,193,2,999,0,nonexistent,-3.4,92.649,-30.1,0.715,5017.5,no
48,admin,single,professional.course,no,yes,no,cellular,nov,wed,530,1,999,0,nonexistent,-0.1,93.2,-42,4.12,5195.8,yes
30,unemployed,married,professional.course,no,yes,no,cellular,jun,tue,194,1,999,0,nonexistent,-2.9,92.963,-40.8,1.262,5076.2,no
24,technician,single,professional.course,no,yes,no,cellular,apr,mon,200,3,999,1,failure,-1.8,93.075,-47.1,1.405,5099.1,yes
27,admin,single,university.degree,no,yes,no,cellular,apr,fri,156,2,999,0,nonexistent,-1.8,93.075,-47.1,1.405,5099.1,no
45,admin,divorced,high.school,no,yes,no,cellular,nov,fri,980,2,999,0,nonexistent,-0.1,93.2,-42,4.021,5195.8,yes
29,unemployed,married,basic.4y,no,no,no,telephone,dec,thu,805,1,999,0,nonexistent,-3,92.713,-33,0.714,5023.5,no
26,student,single,professional.course,no,yes,no,cellular,aug,tue,176,2,999,1,failure,-2.9,92.201,-31.4,0.883,5076.2,yes
36,bluecollar,married,basic.6y,unknown,no,no,telephone,may,fri,378,2,999,0,nonexistent,1.1,93.994,-36.4,4.857,5191,no
54,bluecollar,married,basic.6y,unknown,no,no,cellular,nov,wed,300,5,999,1,failure,-0.1,93.2,-42,4.12,5195.8,yes
54,unemployed,married,high.school,no,yes,no,cellular,dec,wed,346,1,999,0,nonexistent,-3,92.713,-33,0.721,5023.5,no
42,admin,married,basic.6y,no,yes,no,telephone,jun,wed,300,3,999,0,nonexistent,1.4,94.465,-41.8,4.962,5228.1,yes
49,services,married,basic.6y,no,no,yes,cellular,apr,fri,383,1,999,0,nonexistent,-1.8,93.075,-47.1,1.479,5099.1,no
28,technician,single,professional.course,no,yes,no,telephone,jun,wed,1195,2,999,0,nonexistent,1.4,94.465,-41.8,4.962,5228.1,yes
52,technician,married,basic.9y,no,yes,no,telephone,may,thu,208,2,999,0,nonexistent,1.1,93.994,-36.4,4.86,5191,no
26,admin,single,university.degree,no,yes,no,cellular,may,thu,400,2,999,0,nonexistent,-1.8,92.893,-46.2,1.266,5099.1,yes
54,management,married,basic.6y,no,yes,no,cellular,nov,wed,616,3,999,1,failure,-0.1,93.2,-42,4.12,5195.8,no
58,retired,married,basic.4y,no,no,no,cellular,jul,tue,81,1,999,0,nonexistent,1.4,93.918,-42.7,4.961,5228.1,yes
28,bluecollar,married,basic.9y,no,no,yes,telephone,may,fri,478,2,999,0,nonexistent,1.1,93.994,-36.4,4.857,5191,no
32,technician,single,professional.course,no,yes,no,telephone,aug,fri,107,2,999,1,failure,-2.9,92.201,-31.4,0.881,5076.2,yes
48,technician,married,university.degree,unknown,yes,no,cellular,aug,thu,409,2,999,0,nonexistent,1.4,93.444,-36.1,4.968,5228.1,no
28,admin,single,high.school,no,no,no,cellular,jun,mon,491,2,999,0,nonexistent,-2.9,92.963,-40.8,1.26,5076.2,yes
37,admin,married,university.degree,no,yes,no,telephone,jun,fri,145,1,999,0,nonexistent,-2.9,92.963,-40.8,1.268,5076.2,no
31,admin,single,professional.course,no,no,no,cellular,jul,tue,173,1,999,0,nonexistent,1.4,93.918,-42.7,4.962,5228.1,yes
41,bluecollar,married,unknown,unknown,yes,no,cellular,apr,fri,50,2,999,1,failure,-1.8,93.075,-47.1,1.405,5099.1,no
52,services,married,basic.9y,unknown,no,no,telephone,may,thu,80,3,999,0,nonexistent,1.1,93.994,-36.4,4.86,5191,yes
35,technician,divorced,professional.course,no,no,yes,telephone,may,fri,102,3,999,0,nonexistent,1.1,93.994,-36.4,4.855,5191,no
40,services,single,high.school,no,no,no,cellular,apr,mon,275,1,999,0,nonexistent,-1.8,93.075,-47.1,1.466,5099.1,yes
32,technician,married,university.degree,no,yes,no,telephone,jun,fri,562,2,999,0,nonexistent,1.4,94.465,-41.8,4.967,5228.1,no
24,services,single,high.school,no,no,yes,cellular,may,thu,91,1,999,1,failure,-1.8,92.893,-46.2,1.266,5099.1,yes
39,management,married,university.degree,no,yes,no,cellular,sep,thu,291,3,999,0,nonexistent,-1.1,94.199,-37.5,0.884,4963.6,no
73,retired,married,basic.4y,no,yes,no,cellular,mar,mon,209,2,999,1,failure,-1.8,93.369,-34.8,0.646,5008.7,yes
28,technician,married,professional.course,no,no,no,cellular,jul,tue,261,3,999,0,nonexistent,1.4,93.918,-42.7,4.961,5228.1,no
29,management,single,university.degree,no,no,yes,cellular,aug,tue,264,1,999,0,nonexistent,1.4,93.444,-36.1,4.963,5228.1,yes
43,bluecollar,married,basic.4y,no,yes,no,cellular,may,mon,128,3,999,0,nonexistent,-1.8,92.893,-46.2,1.244,5099.1,no
31,technician,single,professional.course,no,yes,no,cellular,nov,thu,207,5,999,1,failure,-0.1,93.2,-42,4.076,5195.8,yes
41,admin,married,university.degree,unknown,yes,no,cellular,may,mon,121,5,999,0,nonexistent,-1.8,92.893,-46.2,1.244,5099.1,no
61,retired,divorced,university.degree,no,yes,no,cellular,apr,tue,118,2,999,0,nonexistent,-1.8,93.075,-47.1,1.384,5099.1,yes
30,bluecollar,married,basic.9y,no,no,yes,cellular,jul,wed,173,1,999,0,nonexistent,1.4,93.918,-42.7,4.962,5228.1,no
50,management,single,university.degree,no,yes,no,cellular,nov,tue,600,2,999,1,failure,-0.1,93.2,-42,4.153,5195.8,yes
30,management,single,university.degree,no,no,no,cellular,apr,wed,244,3,999,0,nonexistent,-1.8,93.075,-47.1,1.415,5099.1,no
43,bluecollar,married,basic.6y,no,yes,no,cellular,jun,mon,458,6,999,0,nonexistent,-2.9,92.963,-40.8,1.281,5076.2,yes
32,student,married,high.school,no,yes,no,telephone,dec,wed,87,5,999,0,nonexistent,-3,92.713,-33,0.715,5023.5,no
47,bluecollar,divorced,basic.9y,no,yes,no,cellular,jul,thu,504,2,999,0,nonexistent,1.4,93.918,-42.7,4.958,5228.1,yes
43,admin,married,university.degree,no,no,yes,cellular,aug,tue,161,3,13,1,success,-2.9,92.201,-31.4,0.838,5076.2,no
34,technician,married,university.degree,no,yes,no,telephone,may,thu,309,1,999,0,nonexistent,-1.8,92.893,-46.2,1.327,5099.1,yes
52,admin,married,university.degree,no,no,yes,cellular,jul,fri,171,1,999,0,nonexistent,1.4,93.918,-42.7,4.962,5228.1,no
30,bluecollar,single,basic.9y,no,yes,yes,telephone,may,mon,163,4,999,0,nonexistent,1.1,93.994,-36.4,4.857,5191,yes
35,admin,married,basic.9y,no,no,no,telephone,may,tue,259,1,999,0,nonexistent,1.1,93.994,-36.4,4.857,5191,no
39,admin,married,university.degree,no,yes,no,cellular,may,fri,175,1,999,0,nonexistent,-1.8,92.893,-46.2,1.25,5099.1,yes
30,admin,single,university.degree,no,yes,no,cellular,jul,tue,608,3,999,0,nonexistent,1.4,93.918,-42.7,4.961,5228.1,no
47,bluecollar,married,basic.4y,no,no,no,cellular,nov,wed,202,2,999,0,nonexistent,-0.1,93.2,-42,4.12,5195.8,yes
44,services,single,high.school,no,yes,no,cellular,nov,wed,116,5,999,0,nonexistent,-0.1,93.2,-42,4.12,5195.8,no
33,admin,single,university.degree,no,yes,no,cellular,oct,fri,233,1,999,0,nonexistent,-3.4,92.431,-26.9,0.739,5017.5,yes
43,unemployed,married,university.degree,unknown,no,no,telephone,may,thu,456,1,999,0,nonexistent,1.1,93.994,-36.4,4.86,5191,no
39,services,divorced,high.school,no,no,no,cellular,jul,thu,151,2,999,0,nonexistent,1.4,93.918,-42.7,4.962,5228.1,yes
42,admin,single,high.school,no,no,yes,cellular,jul,fri,295,1,999,0,nonexistent,1.4,93.918,-42.7,4.962,5228.1,no
55,admin,married,high.school,unknown,yes,no,cellular,may,tue,139,2,999,1,failure,-1.8,92.893,-46.2,1.291,5099.1,yes
56,services,married,high.school,no,no,yes,cellular,jul,fri,87,4,999,0,nonexistent,1.4,93.918,-42.7,4.962,5228.1,no
66,retired,married,high.school,no,unknown,unknown,cellular,mar,tue,881,3,999,1,failure,-1.8,93.369,-34.8,0.646,5008.7,yes
30,services,single,high.school,no,yes,yes,cellular,may,mon,178,1,999,0,nonexistent,-1.8,92.893,-46.2,1.299,5099.1,no
34,admin,married,university.degree,no,yes,no,telephone,may,fri,37,1,999,0,nonexistent,1.1,93.994,-36.4,4.859,5191,yes
38,technician,single,high.school,no,yes,yes,cellular,aug,tue,97,1,999,0,nonexistent,1.4,93.444,-36.1,4.965,5228.1,no
39,bluecollar,married,basic.6y,no,yes,yes,cellular,may,thu,195,1,999,1,failure,-1.8,92.893,-46.2,1.327,5099.1,yes
27,technician,single,high.school,no,no,no,cellular,jul,wed,445,2,999,0,nonexistent,1.4,93.918,-42.7,4.962,5228.1,no
27,admin,single,high.school,no,no,no,cellular,apr,thu,314,2,999,1,failure,-1.8,93.075,-47.1,1.41,5099.1,yes
35,bluecollar,married,high.school,unknown,yes,no,cellular,apr,mon,19,5,999,0,nonexistent,-1.8,93.075,-47.1,1.405,5099.1,no
35,technician,married,professional.course,no,no,no,telephone,may,tue,103,3,999,0,nonexistent,1.1,93.994,-36.4,4.856,5191,yes
53,retired,married,high.school,no,yes,no,cellular,nov,fri,711,2,999,0,nonexistent,-0.1,93.2,-42,4.021,5195.8,no
37,management,married,university.degree,no,no,no,cellular,nov,tue,658,3,999,1,failure,-0.1,93.2,-42,4.153,5195.8,yes
33,unknown,married,unknown,unknown,yes,no,telephone,jun,wed,247,1,999,0,nonexistent,1.4,94.465,-41.8,4.958,5228.1,no
54,management,divorced,university.degree,no,yes,yes,cellular,may,wed,265,2,999,1,failure,-1.8,92.893,-46.2,1.334,5099.1,yes
39,services,married,basic.9y,no,yes,no,cellular,nov,tue,219,3,999,0,nonexistent,-0.1,93.2,-42,4.153,5195.8,no
45,bluecollar,married,basic.4y,unknown,yes,no,cellular,aug,tue,528,7,999,0,nonexistent,1.4,93.444,-36.1,4.963,5228.1,yes
33,admin,married,university.degree,unknown,yes,yes,cellular,aug,fri,94,1,999,0,nonexistent,1.4,93.444,-36.1,4.963,5228.1,no
36,self-employed,single,university.degree,no,yes,no,cellular,nov,mon,200,2,4,1,success,-0.1,93.2,-42,4.191,5195.8,yes
27,student,married,high.school,no,yes,no,telephone,may,wed,54,1,999,0,nonexistent,-1.8,93.876,-40,0.672,5008.7,no
42,admin,single,university.degree,unknown,yes,yes,cellular,jul,fri,115,1,999,0,nonexistent,1.4,93.918,-42.7,4.957,5228.1,yes
38,management,married,university.degree,no,no,no,cellular,aug,wed,157,1,999,0,nonexistent,1.4,93.444,-36.1,4.965,5228.1,no
44,admin,married,university.degree,no,yes,no,telephone,jun,wed,25,1,999,0,nonexistent,1.4,94.465,-41.8,4.864,5228.1,yes
23,student,single,high.school,no,no,no,cellular,may,thu,361,2,999,0,nonexistent,-1.8,92.893,-46.2,1.27,5099.1,no
50,bluecollar,divorced,high.school,unknown,no,yes,telephone,may,mon,200,2,999,0,nonexistent,1.1,93.994,-36.4,4.857,5191,yes
54,technician,married,high.school,unknown,yes,yes,telephone,jul,thu,193,1,999,0,nonexistent,1.4,93.918,-42.7,4.962,5228.1,no
38,technician,divorced,professional.course,no,no,no,telephone,jun,thu,128,2,999,0,nonexistent,1.4,94.465,-41.8,4.958,5228.1,yes
33,bluecollar,married,basic.9y,no,unknown,unknown,telephone,may,wed,141,3,999,0,nonexistent,1.1,93.994,-36.4,4.856,5191,no
31,services,married,basic.9y,no,yes,no,telephone,jun,mon,277,1,999,0,nonexistent,-2.9,92.963,-40.8,1.266,5076.2,yes
44,admin,married,high.school,unknown,no,no,cellular,aug,fri,93,8,999,0,nonexistent,1.4,93.444,-36.1,4.963,5228.1,no
26,admin,single,high.school,no,yes,yes,cellular,jul,wed,668,1,999,0,nonexistent,1.4,93.918,-42.7,4.962,5228.1,yes
35,admin,married,university.degree,no,yes,no,telephone,sep,wed,7,1,999,0,nonexistent,-1.1,94.199,-37.5,0.876,4963.6,no
31,services,divorced,high.school,no,yes,no,cellular,jul,mon,522,1,999,0,nonexistent,1.4,93.918,-42.7,4.96,5228.1,yes
56,admin,married,unknown,no,yes,no,cellular,aug,mon,476,2,999,0,nonexistent,1.4,93.444,-36.1,4.965,5228.1,no
37,technician,divorced,professional.course,no,unknown,unknown,cellular,aug,tue,417,1,999,0,nonexistent,1.4,93.444,-36.1,4.965,5228.1,yes
57,technician,married,professional.course,no,yes,no,telephone,may,mon,483,2,999,0,nonexistent,1.1,93.994,-36.4,4.858,5191,no
46,housemaid,married,basic.4y,no,no,no,telephone,may,wed,336,1,999,0,nonexistent,1.1,93.994,-36.4,4.858,5191,yes
49,admin,married,basic.9y,unknown,no,yes,cellular,aug,thu,86,3,999,0,nonexistent,1.4,93.444,-36.1,4.968,5228.1,no
74,retired,married,university.degree,no,yes,yes,cellular,aug,wed,232,3,999,0,nonexistent,-2.9,92.201,-31.4,0.854,5076.2,yes
31,bluecollar,single,basic.9y,unknown,no,yes,telephone,jul,thu,70,3,999,0,nonexistent,1.4,93.918,-42.7,4.962,5228.1,no
38,technician,single,professional.course,unknown,yes,no,telephone,jun,fri,111,5,999,0,nonexistent,1.4,94.465,-41.8,4.967,5228.1,yes
37,entrepreneur,married,university.degree,unknown,yes,no,cellular,nov,mon,1012,1,999,0,nonexistent,-0.1,93.2,-42,4.191,5195.8,no
56,admin,married,basic.9y,no,no,yes,cellular,may,thu,225,2,999,1,failure,-1.8,92.893,-46.2,1.327,5099.1,yes
35,entrepreneur,single,university.degree,no,no,no,cellular,jul,mon,120,3,999,0,nonexistent,1.4,93.918,-42.7,4.96,5228.1,no
46,admin,married,high.school,unknown,no,no,cellular,aug,fri,49,3,999,0,nonexistent,1.4,93.444,-36.1,4.966,5228.1,yes
30,bluecollar,married,basic.9y,no,no,no,telephone,jun,thu,348,3,999,0,nonexistent,1.4,94.465,-41.8,4.961,5228.1,no
40,bluecollar,single,basic.9y,no,unknown,unknown,cellular,nov,wed,245,4,999,0,nonexistent,-0.1,93.2,-42,4.12,5195.8,yes
54,management,single,basic.9y,no,yes,no,telephone,may,mon,224,3,999,0,nonexistent,1.1,93.994,-36.4,4.857,5191,no
32,bluecollar,married,basic.9y,no,no,no,telephone,nov,tue,296,2,999,0,nonexistent,-0.1,93.2,-42,4.153,5195.8,yes
34,self-employed,single,university.degree,no,no,no,cellular,may,wed,340,2,999,1,failure,-1.8,92.893,-46.2,1.281,5099.1,no
35,admin,married,university.degree,no,yes,no,cellular,oct,thu,86,1,999,1,failure,-3.4,92.431,-26.9,0.74,5017.5,yes
38,bluecollar,married,basic.4y,unknown,no,no,telephone,jun,wed,95,2,999,0,nonexistent,1.4,94.465,-41.8,4.959,5228.1,no
42,technician,divorced,high.school,no,yes,no,cellular,may,wed,228,2,999,1,failure,-1.8,92.893,-46.2,1.281,5099.1,yes
49,management,divorced,basic.6y,no,no,no,telephone,nov,thu,88,6,999,0,nonexistent,-0.1,93.2,-42,4.076,5195.8,no
27,student,single,high.school,no,no,yes,cellular,jul,wed,537,2,999,1,failure,-2.9,92.469,-33.6,1.029,5076.2,yes
52,services,married,high.school,no,no,yes,cellular,may,fri,38,2,999,0,nonexistent,-1.8,92.893,-46.2,1.313,5099.1,no
54,retired,married,university.degree,unknown,no,no,telephone,jun,mon,26,3,999,0,nonexistent,1.4,94.465,-41.8,4.961,5228.1,yes
59,technician,married,professional.course,no,no,no,cellular,jul,thu,464,1,999,0,nonexistent,1.4,93.918,-42.7,4.962,5228.1,no
48,bluecollar,married,basic.9y,unknown,no,no,cellular,may,thu,506,1,999,0,nonexistent,-1.8,92.893,-46.2,1.266,5099.1,yes
47,technician,married,professional.course,no,no,no,cellular,jul,mon,66,2,999,0,nonexistent,1.4,93.918,-42.7,4.96,5228.1,no
27,services,married,university.degree,no,no,no,cellular,may,tue,223,1,999,0,nonexistent,-1.8,92.893,-46.2,1.266,5099.1,yes
41,bluecollar,married,basic.6y,no,yes,yes,cellular,apr,tue,608,2,999,0,nonexistent,-1.8,93.075,-47.1,1.423,5099.1,no
47,bluecollar,married,basic.4y,no,unknown,unknown,telephone,jul,thu,175,1,999,0,nonexistent,1.4,93.918,-42.7,4.968,5228.1,yes
36,services,married,high.school,no,no,yes,telephone,may,tue,1590,2,999,0,nonexistent,1.1,93.994,-36.4,4.857,5191,no
40,admin,single,university.degree,no,yes,yes,telephone,may,mon,190,2,999,0,nonexistent,1.1,93.994,-36.4,4.857,5191,yes
57,self-employed,married,basic.4y,no,yes,no,telephone,apr,mon,534,3,999,1,failure,-1.8,93.075,-47.1,1.405,5099.1,no
31,unemployed,divorced,university.degree,no,yes,yes,cellular,jul,wed,104,7,999,0,nonexistent,1.4,93.918,-42.7,4.963,5228.1,yes
65,housemaid,married,basic.4y,no,no,no,cellular,jun,mon,145,2,999,0,nonexistent,-2.9,92.963,-40.8,1.266,5076.2,no
60,technician,married,university.degree,no,yes,no,cellular,aug,tue,11,8,999,0,nonexistent,1.4,93.444,-36.1,4.965,5228.1,yes
53,services,married,high.school,unknown,yes,no,telephone,jun,mon,381,2,999,0,nonexistent,1.4,94.465,-41.8,4.865,5228.1,no
81,retired,married,basic.4y,no,yes,no,cellular,oct,wed,621,1,999,2,failure,-1.1,94.601,-49.5,1.016,4963.6,yes
81,retired,married,basic.4y,no,yes,no,cellular,aug,mon,90,4,999,0,nonexistent,-1.7,94.027,-38.3,0.898,4991.6,no
47,bluecollar,divorced,basic.9y,unknown,yes,no,telephone,may,wed,30,2,999,0,nonexistent,1.1,93.994,-36.4,4.857,5191,yes
60,admin,married,university.degree,no,yes,no,cellular,may,mon,1602,2,999,0,nonexistent,-1.8,92.893,-46.2,1.354,5099.1,no
55,management,divorced,university.degree,unknown,no,no,cellular,nov,fri,89,2,999,0,nonexistent,-0.1,93.2,-42,4.021,5195.8,yes
70,retired,married,basic.4y,unknown,no,no,cellular,oct,thu,122,1,14,3,failure,-1.1,94.601,-49.5,0.965,4963.6,no
32,bluecollar,married,professional.course,no,yes,no,cellular,may,fri,757,1,999,1,failure,-1.8,92.893,-46.2,1.25,5099.1,yes
31,admin,married,university.degree,no,yes,no,telephone,may,thu,359,2,999,0,nonexistent,1.1,93.994,-36.4,4.86,5191,no
46,admin,married,university.degree,no,no,no,cellular,nov,thu,358,1,999,1,failure,-0.1,93.2,-42,4.076,5195.8,yes
36,services,married,high.school,no,yes,no,telephone,jun,fri,241,2,999,0,nonexistent,1.4,94.465,-41.8,4.959,5228.1,no
68,retired,married,basic.4y,unknown,yes,no,cellular,jun,mon,383,3,999,0,nonexistent,-1.7,94.055,-39.8,0.754,4991.6,yes
31,technician,single,high.school,no,yes,no,cellular,nov,wed,77,4,999,0,nonexistent,-0.1,93.2,-42,4.12,5195.8,no
52,bluecollar,married,basic.9y,unknown,yes,no,telephone,may,fri,346,3,999,0,nonexistent,1.1,93.994,-36.4,4.855,5191,yes
58,admin,divorced,university.degree,no,yes,no,cellular,nov,mon,70,1,999,0,nonexistent,-0.1,93.2,-42,4.191,5195.8,no
54,bluecollar,married,basic.4y,unknown,yes,yes,telephone,may,mon,351,1,999,0,nonexistent,1.1,93.994,-36.4,4.858,5191,yes
40,housemaid,single,university.degree,no,no,no,telephone,jun,mon,126,3,999,0,nonexistent,1.4,94.465,-41.8,4.961,5228.1,no
44,admin,married,university.degree,no,yes,no,telephone,may,thu,413,2,999,0,nonexistent,1.1,93.994,-36.4,4.86,5191,yes
42,technician,single,university.degree,no,yes,no,cellular,aug,tue,578,2,999,0,nonexistent,1.4,93.444,-36.1,4.966,5228.1,no
30,unemployed,single,high.school,no,no,no,cellular,may,fri,13,11,999,0,nonexistent,-1.8,92.893,-46.2,1.25,5099.1,yes
42,technician,single,basic.9y,no,yes,no,telephone,may,wed,99,2,999,0,nonexistent,1.1,93.994,-36.4,4.857,5191,no
54,technician,married,professional.course,no,yes,yes,telephone,may,mon,196,2,999,0,nonexistent,1.1,93.994,-36.4,4.857,5191,yes
29,admin,married,university.degree,no,yes,no,telephone,may,thu,302,1,999,0,nonexistent,1.1,93.994,-36.4,4.86,5191,no
47,management,married,university.degree,no,yes,no,cellular,sep,mon,323,1,3,2,success,-3.4,92.379,-29.8,0.771,5017.5,yes
25,admin,single,university.degree,no,yes,yes,cellular,oct,fri,115,1,999,1,failure,-3.4,92.431,-26.9,0.739,5017.5,no
43,bluecollar,married,basic.4y,unknown,yes,yes,telephone,may,tue,593,2,999,0,nonexistent,1.1,93.994,-36.4,4.857,5191,yes
38,management,married,high.school,unknown,no,no,telephone,may,thu,879,2,999,0,nonexistent,1.1,93.994,-36.4,4.86,5191,no
30,bluecollar,single,high.school,no,no,no,telephone,jul,wed,71,1,999,0,nonexistent,1.4,93.918,-42.7,4.956,5228.1,yes
56,retired,married,basic.4y,unknown,no,no,cellular,jul,tue,580,3,999,0,nonexistent,1.4,93.918,-42.7,4.961,5228.1,no
62,bluecollar,married,basic.4y,no,yes,no,cellular,nov,mon,152,1,6,1,success,-3.4,92.649,-30.1,0.719,5017.5,yes
36,admin,single,university.degree,no,no,yes,cellular,aug,fri,69,2,999,0,nonexistent,1.4,93.444,-36.1,4.963,5228.1,no
33,services,married,high.school,no,no,no,telephone,may,mon,146,2,999,0,nonexistent,1.1,93.994,-36.4,4.857,5191,yes
41,bluecollar,divorced,basic.9y,no,no,no,cellular,aug,tue,102,1,999,0,nonexistent,1.4,93.444,-36.1,4.963,5228.1,no
34,housemaid,single,university.degree,no,yes,no,cellular,aug,thu,159,3,999,0,nonexistent,1.4,93.444,-36.1,4.963,5228.1,yes
58,admin,divorced,high.school,no,no,no,cellular,aug,tue,290,1,999,0,nonexistent,1.4,93.444,-36.1,4.963,5228.1,no
41,admin,divorced,high.school,no,no,no,cellular,apr,fri,620,1,999,0,nonexistent,-1.8,93.075,-47.1,1.405,5099.1,yes
35,entrepreneur,single,university.degree,no,yes,no,cellular,jul,mon,88,5,999,0,nonexistent,1.4,93.918,-42.7,4.96,5228.1,no
31,bluecollar,single,basic.9y,unknown,no,yes,telephone,jun,fri,70,2,999,0,nonexistent,1.4,94.465,-41.8,4.959,5228.1,yes
43,services,married,high.school,no,no,no,telephone,may,mon,77,1,999,0,nonexistent,1.1,93.994,-36.4,4.857,5191,no
42,technician,divorced,professional.course,no,yes,no,cellular,aug,mon,408,1,999,0,nonexistent,1.4,93.444,-36.1,4.97,5228.1,yes
47,housemaid,married,basic.4y,unknown,yes,no,telephone,jul,tue,159,2,999,0,nonexistent,1.4,93.918,-42.7,4.961,5228.1,no
45,entrepreneur,divorced,basic.9y,no,yes,no,cellular,may,tue,29,3,999,0,nonexistent,-1.8,92.893,-46.2,1.344,5099.1,yes
36,admin,married,university.degree,unknown,yes,no,cellular,aug,wed,155,11,999,0,nonexistent,1.4,93.444,-36.1,4.964,5228.1,no
32,admin,married,university.degree,no,yes,no,telephone,may,thu,151,5,999,0,nonexistent,-1.8,92.893,-46.2,1.266,5099.1,yes
63,retired,married,high.school,no,no,no,cellular,oct,wed,1386,1,999,0,nonexistent,-3.4,92.431,-26.9,0.74,5017.5,no
53,housemaid,divorced,basic.6y,unknown,unknown,unknown,telephone,may,fri,85,2,999,0,nonexistent,1.1,93.994,-36.4,4.855,5191,yes
30,technician,married,university.degree,no,no,yes,cellular,jun,fri,131,1,999,1,failure,-1.7,94.055,-39.8,0.748,4991.6,no
31,technician,single,professional.course,no,yes,no,cellular,nov,thu,155,1,999,0,nonexistent,-0.1,93.2,-42,4.076,5195.8,yes
31,admin,single,university.degree,no,yes,no,cellular,nov,thu,463,1,999,0,nonexistent,-0.1,93.2,-42,4.076,5195.8,no
30,admin,married,basic.6y,no,yes,yes,cellular,jul,thu,53,1,999,0,nonexistent,1.4,93.918,-42.7,4.958,5228.1,yes
39,admin,married,high.school,no,yes,no,telephone,jul,fri,219,1,999,0,nonexistent,1.4,93.918,-42.7,4.959,5228.1,no
27,student,single,high.school,no,no,no,cellular,may,mon,64,2,999,1,failure,-1.8,92.893,-46.2,1.354,5099.1,yes
58,admin,married,high.school,no,no,no,cellular,aug,fri,528,1,999,0,nonexistent,1.4,93.444,-36.1,4.966,5228.1,no
34,management,single,high.school,no,yes,no,cellular,nov,wed,175,1,999,0,nonexistent,-0.1,93.2,-42,4.12,5195.8,yes
30,bluecollar,married,basic.9y,no,yes,no,cellular,may,fri,487,2,999,0,nonexistent,-1.8,92.893,-46.2,1.313,5099.1,no
39,services,single,high.school,no,no,no,telephone,may,fri,346,4,999,0,nonexistent,1.1,93.994,-36.4,4.855,5191,yes
25,services,married,high.school,no,yes,no,telephone,jun,wed,227,1,999,0,nonexistent,1.4,94.465,-41.8,4.962,5228.1,no
38,services,married,basic.9y,no,unknown,unknown,telephone,jun,fri,17,3,999,0,nonexistent,1.4,94.465,-41.8,4.959,5228.1,yes
47,admin,married,university.degree,no,yes,no,cellular,nov,mon,58,1,999,0,nonexistent,-0.1,93.2,-42,4.191,5195.8,no
32,services,single,university.degree,no,no,no,cellular,sep,thu,128,3,999,2,failure,-1.1,94.199,-37.5,0.884,4963.6,yes
32,admin,single,university.degree,no,yes,no,cellular,sep,mon,290,4,999,0,nonexistent,-1.1,94.199,-37.5,0.879,4963.6,no
41,entrepreneur,married,university.degree,unknown,yes,no,cellular,nov,mon,44,2,999,0,nonexistent,-0.1,93.2,-42,4.191,5195.8,yes
31,services,divorced,professional.course,no,no,no,cellular,nov,tue,68,1,999,1,failure,-0.1,93.2,-42,4.153,5195.8,no
35,bluecollar,married,basic.9y,unknown,no,no,telephone,may,thu,170,1,999,0,nonexistent,1.1,93.994,-36.4,4.855,5191,yes
25,services,single,basic.6y,unknown,yes,no,cellular,jul,thu,301,1,999,0,nonexistent,1.4,93.918,-42.7,4.958,5228.1,no
36,self-employed,single,basic.4y,no,no,no,cellular,jul,thu,148,1,999,0,nonexistent,1.4,93.918,-42.7,4.968,5228.1,yes
36,admin,married,high.school,no,no,no,telephone,may,wed,97,2,999,0,nonexistent,1.1,93.994,-36.4,4.859,5191,no
47,bluecollar,married,basic.4y,no,yes,no,telephone,jun,thu,211,2,999,0,nonexistent,1.4,94.465,-41.8,4.958,5228.1,yes
29,admin,single,high.school,no,no,no,cellular,may,fri,553,2,999,0,nonexistent,-1.8,92.893,-46.2,1.313,5099.1,no
27,services,single,university.degree,no,no,no,cellular,jul,wed,698,2,999,0,nonexistent,1.4,93.918,-42.7,4.963,5228.1,yes
44,admin,divorced,university.degree,no,no,no,cellular,jul,wed,191,6,999,0,nonexistent,1.4,93.918,-42.7,4.957,5228.1,no
46,admin,divorced,university.degree,no,yes,no,telephone,jul,mon,59,4,999,0,nonexistent,1.4,93.918,-42.7,4.962,5228.1,yes
45,entrepreneur,married,university.degree,unknown,yes,yes,cellular,aug,mon,38,2,999,0,nonexistent,1.4,93.444,-36.1,4.965,5228.1,no
